15.0586913 0.0772849345 0.181215125 0.999962075 0.00306392575 0.00815232025 5 1 1
15.5606341 0.0787883746 0.185242471 0.999964564 0.00292606318 0.0078936068 5 1 1
16.0625761 0.0802226066 0.189139935 0.999966967 0.00278819921 0.00763489049 5 1 1
16.5645171 0.0815876306 0.192907519 0.999969283 0.00265033386 0.00737617141 5 1 1
17.0664573 0.0828834466 0.196545222 0.999971514 0.00251246718 0.00711744961 5 1 1
17.5683966 0.0841100546 0.200053043 0.999973659 0.00237459919 0.00685872517 5 1 1
18.070335 0.0852674545 0.203430983 0.999975718 0.00223672994 0.00659999814 5 1 1
18.5722725 0.0863556464 0.206679042 0.999977691 0.00209885947 0.00634126861 5 1 1
19.0742092 0.0873746303 0.20979722 0.999979578 0.00196098779 0.00608253662 5 1 1
19.576145 0.0883244061 0.212785516 0.99998138 0.00182311496 0.00582380226 5 1 1
20.0780799 0.0892049739 0.215643932 0.999983095 0.00168524101 0.00556506558 5 1 1
20.580014 0.0900163337 0.218372466 0.999984724 0.00154736597 0.00530632665 5 1 1
21.0819471 0.0907584855 0.220971119 0.999986268 0.00140948988 0.00504758554 5 1 1
21.5838794 0.0914314292 0.223439891 0.999987725 0.00127161277 0.00478884232 5 1 1
22.0858108 0.0920351649 0.225778782 0.999989096 0.00113373468 0.00453009706 5 1 1
22.5877414 0.0925696926 0.227987792 0.999990382 0.000995855646 0.00427134981 5 1 1
23.089671 0.0930350123 0.23006692 0.999991581 0.000857975702 0.00401260065 5 1 1
23.5915998 0.0934311239 0.232016167 0.999992695 0.000720094884 0.00375384965 5 1 1
24.0935277 0.0937580275 0.233835533 0.999993723 0.000582213228 0.00349509686 5 1 1
24.5954547 0.0940157231 0.235525018 0.999994664 0.000444330769 0.00323634236 5 1 1
25.0973809 0.0942042106 0.237084622 0.99999552 0.000306447543 0.00297758621 5 1 1
25.5993062 0.0943234901 0.238514345 0.99999629 0.000168563585 0.00271882849 5 1 1
26.1012306 0.0943735616 0.239814186 0.999996974 3.0678931e-05 0.00246006925 5 1 1
26.6031541 0.0943544251 0.240984146 0.999997571 -0.000107206384 0.00220130856 5 1 1
27.1050768 0.0942660805 0.242024225 0.999998083 -0.000245092324 0.0019425465 5 1 1
27.6069985 0.0941085279 0.242934423 0.999998509 -0.000382978853 0.00168378312 5 1 1
28.1089194 0.0938817673 0.24371474 0.999998849 -0.000520865937 0.0014250185 5 1 1
28.6108394 0.0935857987 0.244365176 0.999999103 -0.000658753539 0.00116625269 5 1 1
29.1127586 0.093220622 0.24488573 0.999999271 -0.000796641624 0.000907485776 5 1 1
29.6146769 0.0927862373 0.245276403 0.999999353 -0.000934530156 0.000648717813 5 1 1
30.1165943 0.0922826446 0.245537195 0.999999349 -0.0010724191 0.000389948872 5 1 1
30.6185108 0.0917098438 0.245668106 0.999999259 -0.00121030842 0.000131179017 5 1 1
31.1204264 0.091067835 0.245669136 0.999999083 -0.00134819808 -0.000127591683 5 1 1
31.6223412 0.0903566182 0.245540284 0.999998821 -0.00148608805 -0.000386363162 5 1 1
32.1242551 0.0895761934 0.245281552 0.999998473 -0.00162397828 -0.000645135353 5 1 1
32.6261681 0.0887265605 0.244892938 0.999998039 -0.00176186875 -0.00090390819 5 1 1
33.1280802 0.0878077196 0.244374443 0.99999752 -0.00189975942 -0.00116268161 5 1 1
33.6299915 0.0868196707 0.243726067 0.999996914 -0.00203765025 -0.00142145553 5 1 1
34.1319019 0.0857624138 0.242947809 0.999996222 -0.00217554121 -0.00168022991 5 1 1
34.6338114 0.0846359488 0.242039671 0.999995444 -0.00231343226 -0.00193900466 5 1 1
35.13572 0.0834402758 0.241001651 0.99999458 -0.00245132336 -0.00219777972 5 1 1
35.6376278 0.0821753948 0.23983375 0.999993631 -0.00258921449 -0.00245655503 5 1 1
36.1395347 0.0808413057 0.238535968 0.999992595 -0.0027271056 -0.00271533052 5 1 1
36.6414407 0.0794380086 0.237108305 0.999991473 -0.00286499666 -0.00297410611 5 1 1
37.1433458 0.0779655035 0.235550761 0.999990266 -0.00300288763 -0.00323288176 5 1 1
37.6452501 0.0764237904 0.233863335 0.999988972 -0.00314077848 -0.00349165738 5 1 1
38.1471534 0.0748128692 0.232046029 0.999987592 -0.00327866918 -0.00375043291 5 1 1
38.6490559 0.07313274 0.230098841 0.999986127 -0.00341655968 -0.00400920829 5 1 1
39.1509576 0.0713834028 0.228021772 0.999984575 -0.00355444995 -0.00426798344 5 1 1
39.6528583 0.0695648576 0.225814822 0.999982937 -0.00369233996 -0.00452675831 5 1 1
40.1547582 0.0676771043 0.22347799 0.999981214 -0.00383022967 -0.00478553282 5 1 1
40.6566572 0.065720143 0.221011278 0.999979404 -0.00396811905 -0.00504430691 5 1 1
41.1585553 0.0636939737 0.218414684 0.999977509 -0.00410600805 -0.00530308051 5 1 1
41.6604526 0.0615985963 0.215688209 0.999975527 -0.00424389665 -0.00556185355 5 1 1
42.1623489 0.0594340109 0.212831853 0.99997346 -0.00438178481 -0.00582062597 5 1 1
42.6642444 0.0572002175 0.209845616 0.999971306 -0.00451967248 -0.0060793977 5 1 1
43.166139 0.0548972161 0.206729497 0.999969067 -0.00465755965 -0.00633816868 5 1 1
43.6680328 0.0525250066 0.203483498 0.999966741 -0.00479544627 -0.00659693883 5 1 1
44.1699256 0.0500835892 0.200107617 0.99996433 -0.0049333323 -0.00685570809 5 1 1
44.6718176 0.0475729636 0.196601855 0.999961833 -0.00507121771 -0.0071144764 5 1 1
45.1737087 0.0449931301 0.192966212 0.999959249 -0.00520910247 -0.00737324368 5 1 1
45.675599 0.0423440885 0.189200688 0.99995658 -0.00534698654 -0.00763200987 5 1 1
46.1774883 0.0396258389 0.185305282 0.999953825 -0.00548486988 -0.00789077491 5 1 1
46.6793768 0.0368383813 0.181279996 0.999950984 -0.00562275246 -0.00814953872 5 1 1
47.1812644 0.0339817156 0.177124828 0.999948056 -0.00576063424 -0.00840830124 5 1 1
47.6831512 0.031055842 0.172839779 0.999945043 -0.00589851518 -0.00866706241 5 1 1
48.185037 0.0280607603 0.168424849 0.999941944 -0.00603639526 -0.00892582215 5 1 1
48.686922 0.0249964705 0.163880038 0.999938759 -0.00617427444 -0.00918458041 5 1 1
49.1888061 0.0218629728 0.159205345 0.999935488 -0.00631215268 -0.0094433371 5 1 1
49.6906894 0.018660267 0.154400771 0.999932131 -0.00645002994 -0.00970209217 5 1 1
50.1925717 0.0153883532 0.149466317 0.999928688 -0.00658790619 -0.00996084555 5 1 1
50.6944532 0.0120472313 0.144401981 0.999925159 -0.00672578139 -0.0102195972 5 1 1
51.1963338 0.00863690145 0.139207764 0.999921544 -0.00686365551 -0.010478347 5 1 1
51.6982135 0.00515736356 0.133883665 0.999917843 -0.00700152851 -0.0107370949 5 1 1
52.2000924 0.00160861763 0.128429686 0.999914057 -0.00713940036 -0.0109958408 5 1 1
52.7019703 -0.00200933632 0.122845825 0.999910184 -0.00727727103 -0.0112545848 5 1 1
53.2038474 -0.0056964983 0.117132083 0.999906225 -0.00741514046 -0.0115133266 5 1 1
53.7057236 -0.0094528683 0.11128846 0.99990218 -0.00755300864 -0.0117720663 5 1 1
54.207599 -0.0132784463 0.105314956 0.99989805 -0.00769087552 -0.0120308037 5 1 1
54.7094735 -0.0171732324 0.0992115707 0.999893833 -0.00782874108 -0.0122895389 5 1 1
55.2113471 -0.0211372265 0.0929783042 0.999889531 -0.00796660526 -0.0125482717 5 1 1
55.7132198 -0.0251704286 0.0866151566 0.999885143 -0.00810446805 -0.0128070021 5 1 1
56.2150916 -0.0292728387 0.0801221277 0.999880668 -0.00824232939 -0.01306573 5 1 1
56.7169626 -0.0334444569 0.0734992177 0.999876108 -0.00838018927 -0.0133244553 5 1 1
57.2188327 -0.0376852831 0.0667464265 0.999871462 -0.00851804763 -0.013583178 5 1 1
57.7207019 -0.0419953173 0.0598637541 0.99986673 -0.00865590445 -0.013841898 5 1 1
58.2225702 -0.0463745596 0.0528512006 0.999861912 -0.00879375969 -0.0141006153 5 1 1
58.7244377 -0.0508230099 0.0457087659 0.999857008 -0.00893161332 -0.0143593297 5 1 1
59.2263043 -0.0553406682 0.03843645 0.999852018 -0.0090694653 -0.0146180413 5 1 1
59.72817 -0.0599275345 0.0310342529 0.999846942 -0.00920731559 -0.0148767499 5 1 1
60.2300348 -0.0645836089 0.0235021747 0.99984178 -0.00934516415 -0.0151354554 5 1 1
60.7318988 -0.0693088912 0.0158402153 0.999836533 -0.00948301097 -0.0153941579 5 1 1
61.2337618 -0.0741033817 0.00804837477 0.999831199 -0.00962085598 -0.0156528572 5 1 1
61.7356241 -0.0789670801 0.00012665304 0.99982578 -0.00975869917 -0.0159115533 5 1 1
62.2374854 -0.0838999866 -0.00792494986 0.999820275 -0.0098965405 -0.0161702461 5 1 1
62.7393458 -0.0889021011 -0.0161064339 0.999814683 -0.0100343799 -0.0164289355 5 1 1
63.2412054 -0.0939734236 -0.0244177992 0.999809006 -0.0101722174 -0.0166876216 5 1 1
63.7430641 -0.0991139541 -0.0328590456 0.999803243 -0.0103100529 -0.0169463041 5 1 1
64.2449219 -0.104323693 -0.0414301732 0.999797395 -0.0104478865 -0.017204983 5 1 1
64.7467789 -0.109602639 -0.050131182 0.99979146 -0.0105857179 -0.0174636584 5 1 1
65.248635 -0.114950794 -0.0589620719 0.999785439 -0.0107235473 -0.01772233 5 1 1
65.7504902 -0.120368157 -0.067922843 0.999779333 -0.0108613746 -0.0179809979 5 1 1
66.2523445 -0.125854727 -0.0770134953 0.99977314 -0.0109991998 -0.018239662 5 1 1
66.7541979 -0.131410506 -0.0862340287 0.999766862 -0.0111370227 -0.0184983222 5 1 1
67.2560505 -0.137035493 -0.0955844433 0.999760498 -0.0112748434 -0.0187569784 5 1 1
67.7579022 -0.142729688 -0.105064739 0.999754048 -0.0114126619 -0.0190156306 5 1 1
68.259753 -0.14849309 -0.114674916 0.999747512 -0.0115504781 -0.0192742787 5 1 1
68.7616029 -0.154325701 -0.124414974 0.999740891 -0.011688292 -0.0195329226 5 1 1
69.263452 -0.16022752 -0.134284913 0.999734183 -0.0118261035 -0.0197915624 5 1 1
69.7653002 -0.166198547 -0.144284734 0.99972739 -0.0119639126 -0.0200501978 5 1 1
70.2671475 -0.172238782 -0.154414436 0.999720511 -0.0121017193 -0.0203088289 5 1 1
70.7689939 -0.178348225 -0.164674018 0.999713546 -0.0122395235 -0.0205674555 5 1 1
71.2708395 -0.184526876 -0.175063482 0.999706495 -0.0123773252 -0.0208260777 5 1 1
71.7726842 -0.190774735 -0.185582828 0.999699358 -0.0125151244 -0.0210846953 5 1 1
72.274528 -0.197091802 -0.196232054 0.999692136 -0.012652921 -0.0213433083 5 1 1
72.7763709 -0.203478077 -0.207011161 0.999684828 -0.012790715 -0.0216019166 5 1 1
73.278213 -0.20993356 -0.21792015 0.999677434 -0.0129285063 -0.0218605201 5 1 1
73.7800542 -0.216458251 -0.22895902 0.999669954 -0.013066295 -0.0221191188 5 1 1
74.2818945 -0.22305215 -0.240127771 0.999662388 -0.0132040809 -0.0223777127 5 1 1
74.7837339 -0.229715257 -0.251426403 0.999654737 -0.0133418641 -0.0226363015 5 1 1
75.2855724 -0.236447572 -0.262854916 0.999646999 -0.0134796445 -0.0228948854 5 1 1
75.7874101 -0.243249095 -0.274413311 0.999639176 -0.0136174221 -0.0231534641 5 1 1
76.2892469 -0.250119827 -0.286101587 0.999631268 -0.0137551969 -0.0234120377 5 1 1
76.7910828 -0.257059766 -0.297919743 0.999623273 -0.0138929687 -0.0236706061 5 1 1
77.2929179 -0.264068913 -0.309867782 0.999615193 -0.0140307376 -0.0239291692 5 1 1
77.7947521 -0.271147269 -0.321945701 0.999607026 -0.0141685036 -0.0241877269 5 1 1
78.2965854 -0.278294832 -0.334153501 0.999598775 -0.0143062665 -0.0244462792 5 1 1
78.7984178 -0.285511603 -0.346491183 0.999590437 -0.0144440264 -0.0247048261 5 1 1
79.3002493 -0.292797583 -0.358958745 0.999582014 -0.0145817833 -0.0249633673 5 1 1
79.80208 -0.30015277 -0.371556189 0.999573504 -0.014719537 -0.025221903 5 1 1
80.3039098 -0.307577166 -0.384283514 0.99956491 -0.0148572876 -0.025480433 5 1 1
80.8057387 -0.315070769 -0.397140721 0.999556229 -0.0149950351 -0.0257389572 5 1 1
81.3075667 -0.322633581 -0.410127808 0.999547463 -0.0151327793 -0.0259974756 5 1 1
-1.71682996e-15 0 -3.35318352e-18 0.999847479 0.00719897241 0.0159120696 5 2 1
0.501969081 0.00357968088 0.00792378113 0.999852543 0.00706116856 0.0156534725 5 2 1
1.00393729 0.00709015373 0.0157176811 0.999857522 0.00692336224 0.0153948706 5 2 1
1.50590461 0.0105314186 0.0233816999 0.999862415 0.00678555348 0.0151362639 5 2 1
2.00787107 0.0139034754 0.0309158375 0.999867223 0.00664774233 0.0148776525 5 2 1
2.50983664 0.0172063241 0.038320094 0.999871944 0.0065099288 0.0146190365 5 2 1
3.01180134 0.0204399649 0.0455944692 0.99987658 0.00637211295 0.0143604159 5 2 1
3.51376517 0.0236043976 0.0527389633 0.999881129 0.0062342948 0.0141017907 5 2 1
4.01572812 0.0266996223 0.0597535763 0.999885593 0.0060964744 0.0138431611 5 2 1
4.51769019 0.0297256389 0.066638308 0.999889971 0.00595865177 0.0135845272 5 2 1
5.01965138 0.0326824476 0.0733931586 0.999894264 0.00582082695 0.0133258889 5 2 1
5.5216117 0.0355700482 0.080018128 0.99989847 0.00568299998 0.0130672464 5 2 1
6.02357115 0.0383884407 0.0865132163 0.999902591 0.00554517089 0.0128085997 5 2 1
6.52552972 0.0411376253 0.0928784234 0.999906625 0.00540733972 0.0125499488 5 2 1
7.02748741 0.0438176018 0.0991137493 0.999910574 0.00526950651 0.012291294 5 2 1
7.52944423 0.0464283703 0.105219194 0.999914437 0.00513167128 0.0120326351 5 2 1
8.03140017 0.0489699308 0.111194758 0.999918214 0.00499383408 0.0117739724 5 2 1
8.53335523 0.0514422832 0.11704044 0.999921905 0.00485599494 0.0115153058 5 2 1
9.03530942 0.0538454277 0.122756241 0.999925511 0.0047181539 0.0112566354 5 2 1
9.53726273 0.056179364 0.128342161 0.99992903 0.00458031098 0.0109979613 5 2 1
10.0392152 0.0584440924 0.1337982 0.999932464 0.00444246623 0.0107392836 5 2 1
10.5411667 0.0606396127 0.139124358 0.999935812 0.00430461969 0.0104806022 5 2 1
11.0431174 0.062765925 0.144320634 0.999939073 0.00416677138 0.0102219174 5 2 1
11.5450672 0.0648230293 0.14938703 0.999942249 0.00402892135 0.00996322913 5 2 1
12.0470161 0.0668109256 0.154323544 0.999945339 0.00389106963 0.00970453747 5 2 1
12.5489642 0.0687296138 0.159130177 0.999948343 0.00375321625 0.0094458425 5 2 1
13.0509114 0.070579094 0.163806929 0.999951262 0.00361536124 0.00918714427 5 2 1
13.5528577 0.0723593662 0.1683538 0.999954094 0.00347750466 0.00892844287 5 2 1
14.0548031 0.0740704303 0.172770789 0.99995684 0.00333964652 0.00866973836 5 2 1
14.5567477 0.0757122864 0.177057897 0.999959501 0.00320178688 0.0084110308 5 2 1
-14.9983635 0.369888781 0.0688197058 -0.999746076 0.0222193503 0.00375290103 5 1 2
-15.498327 0.38095994 0.0706826158 -0.999749877 0.022057029 0.00369729322 5 1 2
-15.9982917 0.391949907 0.0725177142 -0.99975365 0.0218947066 0.00364168514 5 1 2
-16.4982576 0.402858683 0.0743250009 -0.999757392 0.0217323832 0.00358607679 5 1 2
-16.9982246 0.413686267 0.076104476 -0.999761106 0.0215700586 0.00353046817 5 1 2
-17.4981928 0.42443266 0.0778561395 -0.999764789 0.0214077329 0.00347485931 5 1 2
-17.9981621 0.435097862 0.0795799914 -0.999768444 0.0212454062 0.00341925019 5 1 2
-18.4981326 0.445681871 0.0812760316 -0.999772069 0.0210830784 0.00336364082 5 1 2
-18.9981043 0.45618469 0.0829442602 -0.999775664 0.0209207496 0.00330803122 5 1 2
-19.4980772 0.466606317 0.0845846772 -0.999779231 0.0207584198 0.00325242138 5 1 2
-19.9980512 0.476946753 0.0861972825 -0.999782767 0.020596089 0.0031968113 5 1 2
-20.4980264 0.487205997 0.0877820762 -0.999786274 0.0204337571 0.003141201 5 1 2
-20.9980027 0.49738405 0.0893390583 -0.999789752 0.0202714243 0.00308559048 5 1 2
-21.4979802 0.507480911 0.0908682288 -0.9997932 0.0201090906 0.00302997974 5 1 2
-21.9979589 0.517496581 0.0923695877 -0.999796619 0.0199467558 0.00297436879 5 1 2
-22.4979387 0.527431059 0.0938431349 -0.999800009 0.0197844202 0.00291875763 5 1 2
-22.9979197 0.537284346 0.0952888705 -0.999803369 0.0196220836 0.00286314627 5 1 2
-23.4979019 0.547056442 0.0967067944 -0.999806699 0.0194597461 0.00280753472 5 1 2
-23.9978853 0.556747346 0.0980969068 -0.99981 0.0192974077 0.00275192297 5 1 2
-24.4978698 0.566357058 0.0994592075 -0.999813272 0.0191350685 0.00269631103 5 1 2
-24.9978554 0.57588558 0.100793697 -0.999816514 0.0189727283 0.00264069891 5 1 2
-25.4978423 0.585332909 0.102100374 -0.999819727 0.0188103874 0.00258508661 5 1 2
-25.9978303 0.594699048 0.10337924 -0.99982291 0.0186480455 0.00252947415 5 1 2
-26.4978195 0.603983995 0.104630294 -0.999826064 0.0184857029 0.00247386151 5 1 2
-26.9978098 0.61318775 0.105853537 -0.999829189 0.0183233595 0.00241824871 5 1 2
-27.4978013 0.622310314 0.107048968 -0.999832284 0.0181610152 0.00236263575 5 1 2
-27.997794 0.631351686 0.108216587 -0.999835349 0.0179986702 0.00230702264 5 1 2
-28.4977878 0.640311868 0.109356395 -0.999838385 0.0178363245 0.00225140938 5 1 2
-28.9977828 0.649190857 0.110468391 -0.999841392 0.0176739779 0.00219579598 5 1 2
-29.497779 0.657988655 0.111552575 -0.999844369 0.0175116307 0.00214018244 5 1 2
-29.9977763 0.666705262 0.112608948 -0.999847317 0.0173492827 0.00208456877 5 1 2
-30.4977748 0.675340677 0.113637509 -0.999850235 0.017186934 0.00202895497 5 1 2
-30.9977744 0.683894901 0.114638259 -0.999853124 0.0170245846 0.00197334105 5 1 2
-31.4977753 0.692367934 0.115611197 -0.999855983 0.0168622346 0.001917727 5 1 2
-31.9977773 0.700759775 0.116556323 -0.999858813 0.0166998839 0.00186211285 5 1 2
-32.4977804 0.709070424 0.117473638 -0.999861614 0.0165375325 0.00180649858 5 1 2
-32.9977847 0.717299882 0.118363141 -0.999864385 0.0163751805 0.00175088421 5 1 2
-33.4977902 0.725448149 0.119224832 -0.999867126 0.0162128279 0.00169526974 5 1 2
-33.9977969 0.733515224 0.120058712 -0.999869838 0.0160504746 0.00163965518 5 1 2
-34.4978047 0.741501108 0.12086478 -0.999872521 0.0158881208 0.00158404053 5 1 2
-34.9978137 0.7494058 0.121643037 -0.999875174 0.0157257664 0.0015284258 5 1 2
-35.4978239 0.757229301 0.122393482 -0.999877798 0.0155634115 0.00147281098 5 1 2
-35.9978352 0.76497161 0.123116115 -0.999880392 0.015401056 0.0014171961 5 1 2
-36.4978477 0.772632728 0.123810937 -0.999882957 0.0152386999 0.00136158114 5 1 2
-36.9978613 0.780212655 0.124477947 -0.999885493 0.0150763434 0.00130596612 5 1 2
-37.4978761 0.78771139 0.125117145 -0.999887999 0.0149139863 0.00125035103 5 1 2
-37.9978921 0.795128933 0.125728532 -0.999890475 0.0147516287 0.0011947359 5 1 2
-38.4979093 0.802465286 0.126312107 -0.999892922 0.0145892707 0.00113912071 5 1 2
-38.9979276 0.809720446 0.126867871 -0.99989534 0.0144269122 0.00108350548 5 1 2
-39.4979471 0.816894416 0.127395823 -0.999897728 0.0142645532 0.00102789021 5 1 2
-39.9979677 0.823987194 0.127895963 -0.999900086 0.0141021939 0.000972274905 5 1 2
-40.4979895 0.83099878 0.128368292 -0.999902416 0.0139398341 0.000916659569 5 1 2
-40.9980125 0.837929175 0.128812809 -0.999904715 0.0137774738 0.000861044209 5 1 2
-41.4980367 0.844778378 0.129229514 -0.999906986 0.0136151132 0.000805428828 5 1 2
-41.998062 0.85154639 0.129618408 -0.999909226 0.0134527523 0.000749813431 5 1 2
-42.4980884 0.858233211 0.12997949 -0.999911438 0.0132903909 0.000694198025 5 1 2
-42.9981161 0.86483884 0.13031276 -0.99991362 0.0131280293 0.000638582613 5 1 2
-43.4981449 0.871363278 0.130618219 -0.999915772 0.0129656672 0.0005829672 5 1 2
-43.9981749 0.877806524 0.130895867 -0.999917895 0.0128033049 0.000527351792 5 1 2
-44.498206 0.884168579 0.131145702 -0.999919989 0.0126409423 0.000471736393 5 1 2
-44.9982383 0.890449442 0.131367726 -0.999922053 0.0124785793 0.000416121008 5 1 2
-45.4982718 0.896649114 0.131561939 -0.999924088 0.0123162161 0.000360505643 5 1 2
-45.9983064 0.902767595 0.13172834 -0.999926093 0.0121538527 0.000304890301 5 1 2
-46.4983422 0.908804884 0.131866929 -0.999928068 0.0119914889 0.000249274988 5 1 2
-46.9983792 0.914760982 0.131977706 -0.999930015 0.011829125 0.000193659709 5 1 2
-47.4984173 0.920635888 0.132060672 -0.999931932 0.0116667608 0.000138044469 5 1 2
-47.9984566 0.926429602 0.132115826 -0.999933819 0.0115043964 8.24292729e-05 5 1 2
-48.4984971 0.932142126 0.132143169 -0.999935677 0.0113420319 2.68141251e-05 5 1 2
-48.9985387 0.937773458 0.1321427 -0.999937505 0.0111796671 -2.88009691e-05 5 1 2
-49.4985815 0.943323598 0.132114419 -0.999939304 0.0110173022 -8.44160049e-05 5 1 2
-49.9986255 0.948792547 0.132058327 -0.999941074 0.0108549372 -0.000140030977 5 1 2
-50.4986706 0.954180304 0.131974423 -0.999942814 0.010692572 -0.000195645882 5 1 2
-50.9987169 0.95948687 0.131862708 -0.999944524 0.0105302067 -0.000251260713 5 1 2
-51.4987644 0.964712245 0.131723181 -0.999946205 0.0103678413 -0.000306875466 5 1 2
-51.998813 0.969856428 0.131555842 -0.999947857 0.0102054758 -0.000362490136 5 1 2
-52.4988628 0.97491942 0.131360692 -0.999949479 0.0100431103 -0.000418104718 5 1 2
-52.9989138 0.97990122 0.13113773 -0.999951072 0.00988074464 -0.000473719207 5 1 2
-53.4989659 0.984801829 0.130886956 -0.999952635 0.00971837897 -0.000529333598 5 1 2
-53.9990192 0.989621246 0.130608371 -0.999954169 0.00955601327 -0.000584947887 5 1 2
-54.4990736 0.994359472 0.130301974 -0.999955674 0.00939364754 -0.000640562068 5 1 2
-54.9991293 0.999016507 0.129967765 -0.999957148 0.00923128182 -0.000696176137 5 1 2
-55.4991861 1.00359235 0.129605745 -0.999958594 0.0090689161 -0.000751790088 5 1 2
-55.999244 1.008087 0.129215914 -0.99996001 0.00890655042 -0.000807403917 5 1 2
-56.4993031 1.01250046 0.12879827 -0.999961396 0.00874418477 -0.000863017619 5 1 2
-56.9993634 1.01683273 0.128352815 -0.999962754 0.00858181917 -0.000918631188 5 1 2
-57.4994249 1.02108381 0.127879549 -0.999964081 0.00841945364 -0.000974244621 5 1 2
-57.9994875 1.02525369 0.12737847 -0.999965379 0.0082570882 -0.00102985791 5 1 2
-58.4995513 1.02934239 0.12684958 -0.999966648 0.00809472285 -0.00108547106 5 1 2
-58.9996162 1.03334989 0.126292879 -0.999967887 0.00793235762 -0.00114108405 5 1 2
-59.4996823 1.0372762 0.125708366 -0.999969097 0.0077699925 -0.00119669688 5 1 2
-59.9997496 1.04112132 0.125096041 -0.999970277 0.00760762753 -0.00125230956 5 1 2
-60.4998181 1.04488525 0.124455905 -0.999971428 0.00744526272 -0.00130792206 5 1 2
-60.9998877 1.04856799 0.123787957 -0.99997255 0.00728289807 -0.0013635344 5 1 2
-61.4999585 1.05216953 0.123092197 -0.999973642 0.00712053361 -0.00141914656 5 1 2
-62.0000304 1.05568989 0.122368626 -0.999974704 0.00695816934 -0.00147475853 5 1 2
-62.5001035 1.05912905 0.121617243 -0.999975737 0.00679580529 -0.00153037033 5 1 2
-63.0001778 1.06248702 0.120838048 -0.999976741 0.00663344146 -0.00158598193 5 1 2
-63.5002532 1.0657638 0.120031042 -0.999977715 0.00647107787 -0.00164159333 5 1 2
-64.0003298 1.06895939 0.119196224 -0.99997866 0.00630871454 -0.00169720453 5 1 2
-64.5004076 1.07207379 0.118333595 -0.999979575 0.00614635148 -0.00175281553 5 1 2
-65.0004866 1.07510699 0.117443154 -0.999980461 0.0059839887 -0.00180842632 5 1 2
-65.5005667 1.07805901 0.116524901 -0.999981317 0.00582162621 -0.00186403689 5 1 2
-66.0006479 1.08092983 0.115578837 -0.999982144 0.00565926404 -0.00191964724 5 1 2
-66.5007304 1.08371946 0.114604961 -0.999982941 0.0054969022 -0.00197525737 5 1 2
-67.000814 1.0864279 0.113603274 -0.999983709 0.0053345407 -0.00203086726 5 1 2
-67.5008987 1.08905515 0.112573774 -0.999984447 0.00517217955 -0.00208647692 5 1 2
-68.0009847 1.09160121 0.111516464 -0.999985156 0.00500981878 -0.00214208634 5 1 2
-68.5010718 1.09406607 0.110431341 -0.999985836 0.00484745838 -0.00219769551 5 1 2
-69.00116 1.09644975 0.109318407 -0.999986486 0.00468509839 -0.00225330444 5 1 2
-69.5012495 1.09875223 0.108177662 -0.999987107 0.00452273881 -0.00230891311 5 1 2
-70.0013401 1.10097352 0.107009104 -0.999987698 0.00436037965 -0.00236452152 5 1 2
-70.5014318 1.10311362 0.105812735 -0.99998826 0.00419802094 -0.00242012966 5 1 2
-71.0015248 1.10517253 0.104588555 -0.999988792 0.00403566268 -0.00247573753 5 1 2
-71.5016189 1.10715024 0.103336563 -0.999989295 0.00387330489 -0.00253134513 5 1 2
-72.0017141 1.10904677 0.102056759 -0.999989768 0.00371094759 -0.00258695245 5 1 2
-72.5018106 1.1108621 0.100749143 -0.999990212 0.00354859078 -0.00264255949 5 1 2
-73.0019082 1.11259625 0.0994137164 -0.999990627 0.00338623449 -0.00269816624 5 1 2
-73.5020069 1.1142492 0.0980504777 -0.999991012 0.00322387873 -0.00275377269 5 1 2
-74.0021068 1.11582096 0.0966594274 -0.999991367 0.0030615235 -0.00280937884 5 1 2
-74.5022079 1.11731152 0.0952405655 -0.999991693 0.00289916884 -0.00286498469 5 1 2
-75.0023102 1.1187209 0.0937938919 -0.99999199 0.00273681474 -0.00292059023 5 1 2
-75.5024136 1.12004909 0.0923194068 -0.999992257 0.00257446123 -0.00297619546 5 1 2
-76.0025182 1.12129608 0.09081711 -0.999992495 0.00241210832 -0.00303180036 5 1 2
-76.502624 1.12246188 0.0892870015 -0.999992703 0.00224975602 -0.00308740495 5 1 2
-77.0027309 1.12354649 0.0877290815 -0.999992882 0.00208740435 -0.0031430092 5 1 2
-77.502839 1.12454991 0.0861433498 -0.999993031 0.00192505332 -0.00319861312 5 1 2
-78.0029482 1.12547214 0.0845298065 -0.999993151 0.00176270295 -0.00325421671 5 1 2
-78.5030586 1.12631318 0.0828884515 -0.999993242 0.00160035325 -0.00330981995 5 1 2
-79.0031702 1.12707302 0.081219285 -0.999993303 0.00143800424 -0.00336542284 5 1 2
-79.503283 1.12775168 0.0795223068 -0.999993335 0.00127565592 -0.00342102537 5 1 2
-80.0033969 1.12834914 0.077797517 -0.999993337 0.00111330832 -0.00347662755 5 1 2
-80.503512 1.12886541 0.0760449155 -0.999993309 0.000950961443 -0.00353222937 5 1 2
-81.0036282 1.12930049 0.0742645025 -0.999993253 0.000788615312 -0.00358783082 5 1 2
-81.5037456 1.12965438 0.0724562778 -0.999993167 0.000626269938 -0.0036434319 5 1 2
-82.0038642 1.12992707 0.0706202414 -0.999993051 0.000463925334 -0.00369903259 5 1 2
8.5757189e-16 -2.67991215e-17 -5.02483529e-18 -0.999618343 0.0270883948 0.00542098513 5 2 2
-0.499928545 0.013506902 0.00269725878 -0.999623027 0.0269261139 0.00536538773 5 2 2
-0.999858257 0.0269326125 0.00536670593 -0.999627682 0.0267638315 0.00530978991 5 2 2
-1.49978913 0.0402771317 0.00800834145 -0.999632308 0.0266015475 0.00525419167 5 2 2
-1.99972118 0.0535404593 0.0106221654 -0.999636904 0.0264392619 0.00519859303 5 2 2
-2.49965439 0.0667225955 0.0132081776 -0.999641471 0.0262769749 0.00514299398 5 2 2
-2.99958876 0.0798235403 0.0157663783 -0.999646008 0.0261146863 0.00508739453 5 2 2
-3.4995243 0.0928432936 0.0182967673 -0.999650516 0.0259523963 0.00503179469 5 2 2
-3.99946101 0.105781856 0.0207993447 -0.999654994 0.0257901048 0.00497619446 5 2 2
-4.49939888 0.118639226 0.0232741104 -0.999659444 0.0256278119 0.00492059385 5 2 2
-4.99933792 0.131415405 0.0257210646 -0.999663863 0.0254655175 0.00486499286 5 2 2
-5.49927812 0.144110392 0.0281402071 -0.999668253 0.0253032217 0.00480939149 5 2 2
-5.99921949 0.156724189 0.030531538 -0.999672614 0.0251409245 0.00475378976 5 2 2
-6.49916203 0.169256793 0.0328950572 -0.999676945 0.0249786259 0.00469818766 5 2 2
-6.99910573 0.181708206 0.0352307649 -0.999681247 0.024816326 0.0046425852 5 2 2
-7.4990506 0.194078428 0.0375386609 -0.99968552 0.0246540246 0.00458698239 5 2 2
-7.99899663 0.206367459 0.0398187453 -0.999689763 0.0244917219 0.00453137923 5 2 2
-8.49894383 0.218575297 0.042071018 -0.999693977 0.0243294179 0.00447577572 5 2 2
-8.99889219 0.230701945 0.0442954792 -0.999698161 0.0241671125 0.00442017188 5 2 2
-9.49884172 0.242747401 0.0464921287 -0.999702316 0.0240048059 0.0043645677 5 2 2
-9.99879242 0.254711665 0.0486609665 -0.999706441 0.0238424979 0.00430896319 5 2 2
-10.4987443 0.266594738 0.0508019928 -0.999710537 0.0236801887 0.00425335835 5 2 2
-10.9986973 0.27839662 0.0529152074 -0.999714603 0.0235178782 0.0041977532 5 2 2
-11.4986515 0.29011731 0.0550006104 -0.99971864 0.0233555664 0.00414214773 5 2 2
-11.9986069 0.301756809 0.0570582018 -0.999722648 0.0231932534 0.00408654195 5 2 2
-12.4985634 0.313315116 0.0590879815 -0.999726626 0.0230309392 0.00403093586 5 2 2
-12.9985211 0.324792232 0.0610899496 -0.999730575 0.0228686238 0.00397532948 5 2 2
-13.4984799 0.336188157 0.0630641061 -0.999734494 0.0227063072 0.0039197228 5 2 2
-13.99844 0.34750289 0.065010451 -0.999738384 0.0225439894 0.00386411583 5 2 2
-14.4984012 0.358736431 0.0669289842 -0.999742245 0.0223816704 0.00380850857 5 2 2
-0.255848816 14.9998155 -0.0535146184 -0.0124937388 0.999914907 -0.00375306715 5 1 3
-0.26202017 15.4998017 -0.0553943487 -0.0121896923 0.999918613 -0.00376545952 5 1 3
-0.268039464 15.9997875 -0.0572802667 -0.0118856419 0.999922227 -0.00377785165 5 1 3
-0.273906697 16.4997728 -0.0591723725 -0.0115815876 0.999925748 -0.00379024355 5 1 3
-0.279621869 16.9997576 -0.0610706659 -0.0112775295 0.999929176 -0.0038026352 5 1 3
-0.28518498 17.4997419 -0.0629751471 -0.0109734678 0.999932512 -0.00381502662 5 1 3
-0.290596031 17.9997257 -0.0648858159 -0.0106694024 0.999935755 -0.00382741778 5 1 3
-0.295855022 18.499709 -0.0668026726 -0.0103653335 0.999938906 -0.00383980869 5 1 3
-0.300961951 18.9996918 -0.0687257169 -0.0100612611 0.999941964 -0.00385219935 5 1 3
-0.30591682 19.4996742 -0.0706549489 -0.00975718542 0.99994493 -0.00386458975 5 1 3
-0.310719629 19.999656 -0.0725903687 -0.00945310643 0.999947803 -0.00387697989 5 1 3
-0.315370377 20.4996374 -0.0745319762 -0.00914902426 0.999950583 -0.00388936976 5 1 3
-0.319869064 20.9996183 -0.0764797714 -0.00884493897 0.999953271 -0.00390175937 5 1 3
-0.32421569 21.4995986 -0.0784337543 -0.00854085067 0.999955866 -0.0039141487 5 1 3
-0.328410256 21.9995785 -0.080393925 -0.00823675943 0.999958368 -0.00392653776 5 1 3
-0.332452762 22.4995579 -0.0823602833 -0.00793266534 0.999960778 -0.00393892654 5 1 3
-0.336343206 22.9995368 -0.0843328294 -0.00762856848 0.999963095 -0.00395131504 5 1 3
-0.34008159 23.4995153 -0.0863115632 -0.00732446893 0.99996532 -0.00396370325 5 1 3
-0.343667914 23.9994932 -0.0882964848 -0.00702036679 0.999967452 -0.00397609118 5 1 3
-0.347102176 24.4994706 -0.090287594 -0.00671626213 0.999969491 -0.00398847881 5 1 3
-0.350384378 24.9994476 -0.092284891 -0.00641215504 0.999971438 -0.00400086615 5 1 3
-0.35351452 25.4994241 -0.0942883757 -0.00610804561 0.999973292 -0.00401325318 5 1 3
-0.356492601 25.9994 -0.0962980481 -0.00580393392 0.999975054 -0.00402563992 5 1 3
-0.359318621 26.4993755 -0.0983139082 -0.00549982004 0.999976723 -0.00403802634 5 1 3
-0.361992581 26.9993505 -0.100335956 -0.00519570408 0.999978299 -0.00405041246 5 1 3
-0.36451448 27.499325 -0.102364192 -0.00489158611 0.999979783 -0.00406279827 5 1 3
-0.366884318 27.999299 -0.104398615 -0.00458746621 0.999981174 -0.00407518376 5 1 3
-0.369102096 28.4992726 -0.106439226 -0.00428334448 0.999982472 -0.00408756892 5 1 3
-0.371167813 28.9992456 -0.108486025 -0.00397922099 0.999983678 -0.00409995377 5 1 3
-0.373081469 29.4992181 -0.110539011 -0.00367509583 0.999984791 -0.00411233829 5 1 3
-0.374843065 29.9991902 -0.112598185 -0.00337096909 0.999985812 -0.00412472248 5 1 3
-0.3764526 30.4991618 -0.114663547 -0.00306684085 0.999986739 -0.00413710633 5 1 3
-0.377910075 30.9991328 -0.116735097 -0.00276271119 0.999987575 -0.00414948985 5 1 3
-0.379215489 31.4991034 -0.118812834 -0.0024585802 0.999988317 -0.00416187302 5 1 3
-0.380368842 31.9990735 -0.120896759 -0.00215444796 0.999988967 -0.00417425585 5 1 3
-0.381370134 32.4990431 -0.122986872 -0.00185031456 0.999989524 -0.00418663834 5 1 3
-0.382219367 32.9990123 -0.125083173 -0.00154618008 0.999989989 -0.00419902047 5 1 3
-0.382916538 33.4989809 -0.127185661 -0.00124204461 0.999990361 -0.00421140225 5 1 3
-0.383461649 33.998949 -0.129294337 -0.000937908224 0.99999064 -0.00422378367 5 1 3
-0.383854699 34.4989167 -0.1314092 -0.000633771019 0.999990827 -0.00423616473 5 1 3
-0.384095688 34.9988838 -0.133530252 -0.000329633073 0.999990921 -0.00424854543 5 1 3
-0.384184617 35.4988505 -0.135657491 -2.54944722e-05 0.999990922 -0.00426092576 5 1 3
-0.384121485 35.9988167 -0.137790918 0.0002786447 0.999990831 -0.00427330571 5 1 3
-0.383906293 36.4987824 -0.139930532 0.000582784358 0.999990647 -0.00428568529 5 1 3
-0.38353904 36.9987476 -0.142076335 0.000886924417 0.99999037 -0.00429806449 5 1 3
-0.383019726 37.4987123 -0.144228325 0.00119106479 0.999990001 -0.00431044331 5 1 3
-0.382348352 37.9986765 -0.146386502 0.0014952054 0.999989539 -0.00432282175 5 1 3
-0.381524917 38.4986402 -0.148550868 0.00179934616 0.999988984 -0.00433519979 5 1 3
-0.380549422 38.9986035 -0.150721421 0.00210348698 0.999988337 -0.00434757745 5 1 3
-0.379421865 39.4985662 -0.152898162 0.00240762778 0.999987597 -0.0043599547 5 1 3
-0.378142249 39.9985285 -0.15508109 0.00271176848 0.999986764 -0.00437233156 5 1 3
-0.376710571 40.4984903 -0.157270207 0.00301590898 0.999985839 -0.00438470802 5 1 3
-0.375126833 40.9984515 -0.159465511 0.00332004921 0.999984821 -0.00439708407 5 1 3
-0.373391034 41.4984123 -0.161667002 0.00362418908 0.999983711 -0.00440945971 5 1 3
-0.371503175 41.9983726 -0.163874682 0.00392832851 0.999982508 -0.00442183493 5 1 3
-0.369463255 42.4983325 -0.166088549 0.00423246741 0.999981212 -0.00443420974 5 1 3
-0.367271275 42.9982918 -0.168308604 0.0045366057 0.999979823 -0.00444658414 5 1 3
-0.364927233 43.4982506 -0.170534847 0.00484074329 0.999978342 -0.0044589581 5 1 3
-0.362431131 43.998209 -0.172767277 0.00514488009 0.999976768 -0.00447133164 5 1 3
-0.359782969 44.4981668 -0.175005895 0.00544901603 0.999975102 -0.00448370475 5 1 3
-0.356982746 44.9981242 -0.177250701 0.00575315103 0.999973343 -0.00449607743 5 1 3
-0.354030462 45.498081 -0.179501694 0.00605728498 0.999971491 -0.00450844967 5 1 3
-0.350926118 45.9980374 -0.181758876 0.00636141781 0.999969547 -0.00452082147 5 1 3
-0.347669713 46.4979933 -0.184022244 0.00666554944 0.99996751 -0.00453319283 5 1 3
-0.344261247 46.9979487 -0.186291801 0.00696967979 0.99996538 -0.00454556374 5 1 3
-0.340700721 47.4979036 -0.188567546 0.00727380875 0.999963158 -0.00455793419 5 1 3
-0.336988134 47.9978581 -0.190849478 0.00757793626 0.999960843 -0.0045703042 5 1 3
-0.333123486 48.497812 -0.193137598 0.00788206223 0.999958435 -0.00458267374 5 1 3
-0.329106778 48.9977655 -0.195431905 0.00818618657 0.999955935 -0.00459504283 5 1 3
-0.324938009 49.4977184 -0.1977324 0.0084903092 0.999953342 -0.00460741145 5 1 3
-0.32061718 49.9976709 -0.200039083 0.00879443003 0.999950657 -0.0046197796 5 1 3
-0.31614429 50.4976229 -0.202351954 0.00909854898 0.999947878 -0.00463214728 5 1 3
-0.311519339 50.9975743 -0.204671013 0.00940266597 0.999945008 -0.00464451449 5 1 3
-0.306742328 51.4975253 -0.206996259 0.0097067809 0.999942044 -0.00465688122 5 1 3
-0.301813256 51.9974758 -0.209327693 0.0100108937 0.999938988 -0.00466924746 5 1 3
-0.296732123 52.4974259 -0.211665314 0.0103150043 0.99993584 -0.00468161322 5 1 3
-0.29149893 52.9973754 -0.214009123 0.0106191126 0.999932598 -0.0046939785 5 1 3
-0.286113676 53.4973244 -0.216359121 0.0109232185 0.999929264 -0.00470634328 5 1 3
-0.280576362 53.997273 -0.218715305 0.0112273219 0.999925838 -0.00471870756 5 1 3
-0.274886987 54.497221 -0.221077678 0.0115314227 0.999922319 -0.00473107135 5 1 3
-0.269045551 54.9971686 -0.223446238 0.011835521 0.999918707 -0.00474343463 5 1 3
-0.263052055 55.4971157 -0.225820986 0.0121396165 0.999915002 -0.00475579741 5 1 3
-0.256906498 55.9970623 -0.228201922 0.0124437092 0.999911205 -0.00476815968 5 1 3
-0.25060888 56.4970084 -0.230589045 0.0127477989 0.999907316 -0.00478052144 5 1 3
-0.244159202 56.996954 -0.232982356 0.0130518858 0.999903334 -0.00479288268 5 1 3
-0.237557463 57.4968991 -0.235381855 0.0133559695 0.999899259 -0.0048052434 5 1 3
-0.230803663 57.9968437 -0.237787541 0.0136600501 0.999895091 -0.0048176036 5 1 3
-0.223897803 58.4967879 -0.240199416 0.0139641275 0.999890831 -0.00482996327 5 1 3
-0.216839883 58.9967315 -0.242617478 0.0142682015 0.999886479 -0.00484232242 5 1 3
-0.209629901 59.4966747 -0.245041727 0.0145722722 0.999882034 -0.00485468102 5 1 3
-0.202267859 59.9966174 -0.247472165 0.0148763393 0.999877496 -0.0048670391 5 1 3
-0.194753756 60.4965596 -0.24990879 0.0151804029 0.999872865 -0.00487939663 5 1 3
-0.187087593 60.9965013 -0.252351603 0.0154844629 0.999868142 -0.00489175362 5 1 3
-0.179269369 61.4964425 -0.254800603 0.0157885191 0.999863327 -0.00490411007 5 1 3
-0.171299085 61.9963832 -0.257255792 0.0160925714 0.999858419 -0.00491646596 5 1 3
-0.163176739 62.4963234 -0.259717168 0.0163966199 0.999853418 -0.0049288213 5 1 3
-0.154902334 62.9962631 -0.262184731 0.0167006644 0.999848325 -0.00494117608 5 1 3
-0.146475867 63.4962024 -0.264658483 0.0170047048 0.999843139 -0.0049535303 5 1 3
-0.13789734 63.9961411 -0.267138422 0.017308741 0.999837861 -0.00496588396 5 1 3
-0.129166752 64.4960794 -0.269624549 0.017612773 0.99983249 -0.00497823705 5 1 3
-0.120284104 64.9960172 -0.272116863 0.0179168007 0.999827026 -0.00499058957 5 1 3
-0.111249395 65.4959545 -0.274615366 0.0182208239 0.99982147 -0.00500294152 5 1 3
-0.102062625 65.9958912 -0.277120056 0.0185248427 0.999815822 -0.00501529289 5 1 3
-0.0927237952 66.4958276 -0.279630934 0.0188288568 0.99981008 -0.00502764367 5 1 3
-0.0832329043 66.9957634 -0.282147999 0.0191328663 0.999804247 -0.00503999388 5 1 3
-0.0735899528 67.4956987 -0.284671252 0.0194368711 0.999798321 -0.00505234349 5 1 3
-0.0637949407 67.9956335 -0.287200693 0.019740871 0.999792302 -0.00506469251 5 1 3
-0.053847868 68.4955679 -0.289736322 0.020044866 0.999786191 -0.00507704094 5 1 3
-0.0437487346 68.9955017 -0.292278138 0.020348856 0.999779987 -0.00508938878 5 1 3
-0.0334975405 69.4954351 -0.294826142 0.0206528409 0.999773691 -0.005101736 5 1 3
-0.0230942859 69.995368 -0.297380334 0.0209568206 0.999767302 -0.00511408263 5 1 3
-0.0125389706 70.4953004 -0.299940714 0.021260795 0.999760821 -0.00512642865 5 1 3
-0.00183159469 70.9952323 -0.302507281 0.0215647642 0.999754247 -0.00513877405 5 1 3
0.00902784186 71.4951637 -0.305080036 0.0218687279 0.999747581 -0.00515111884 5 1 3
0.020039339 71.9950946 -0.307658979 0.022172686 0.999740822 -0.00516346301 5 1 3
0.0312028968 72.495025 -0.310244109 0.0224766386 0.99973397 -0.00517580656 5 1 3
0.0425185153 72.994955 -0.312835427 0.0227805855 0.999727027 -0.00518814949 5 1 3
0.0539861943 73.4948844 -0.315432933 0.0230845267 0.999719991 -0.00520049178 5 1 3
0.065605934 73.9948134 -0.318036627 0.023388462 0.999712862 -0.00521283344 5 1 3
0.0773777344 74.4947418 -0.320646508 0.0236923913 0.999705641 -0.00522517447 5 1 3
0.0893015953 74.9946698 -0.323262577 0.0239963147 0.999698327 -0.00523751486 5 1 3
0.101377517 75.4945973 -0.325884834 0.0243002319 0.999690921 -0.00524985461 5 1 3
0.113605499 75.9945243 -0.328513278 0.024604143 0.999683423 -0.00526219371 5 1 3
0.125985542 76.4944508 -0.33114791 0.0249080478 0.999675832 -0.00527453216 5 1 3
0.138517645 76.9943769 -0.33378873 0.0252119462 0.999668148 -0.00528686996 5 1 3
0.15120181 77.4943024 -0.336435738 0.0255158382 0.999660373 -0.0052992071 5 1 3
0.164038034 77.9942274 -0.339088933 0.0258197237 0.999652504 -0.00531154358 5 1 3
0.17702632 78.494152 -0.341748316 0.0261236025 0.999644544 -0.0053238794 5 1 3
0.190166666 78.994076 -0.344413887 0.0264274747 0.999636491 -0.00533621456 5 1 3
0.203459072 79.4939996 -0.347085646 0.0267313401 0.999628345 -0.00534854904 5 1 3
0.21690354 79.9939227 -0.349763592 0.0270351987 0.999620107 -0.00536088285 5 1 3
0.230500068 80.4938453 -0.352447726 0.0273390503 0.999611777 -0.00537321599 5 1 3
0.244248656 80.9937674 -0.355138048 0.0276428949 0.999603354 -0.00538554844 5 1 3
0.258149305 81.493689 -0.357834557 0.0279467323 0.999594839 -0.00539788022 5 1 3
0.272202015 81.9936101 -0.360537254 0.0282505626 0.999586232 -0.0054102113 5 1 3
0 -8.59335602e-16 0 -0.0216128776 0.999760697 -0.00338120458 5 2 3
-0.010733173 0.50000095 -0.00169409867 -0.0213089889 0.999767178 -0.00339360235 5 2 3
-0.0213142854 1.00000141 -0.00339438505 -0.0210050937 0.999773567 -0.003406 5 2 3
-0.0317433372 1.50000138 -0.00510085916 -0.020701192 0.999779863 -0.00341839751 5 2 3
-0.0420203283 2.00000086 -0.00681352099 -0.0203972841 0.999786067 -0.00343079488 5 2 3
-0.0521452588 2.49999986 -0.00853237054 -0.02009337 0.999792179 -0.00344319211 5 2 3
-0.0621181287 2.99999836 -0.0102574078 -0.0197894497 0.999798198 -0.0034555892 5 2 3
-0.0719389379 3.49999637 -0.0119886328 -0.0194855233 0.999804125 -0.00346798614 5 2 3
-0.0816076865 3.99999389 -0.0137260455 -0.019181591 0.999809959 -0.00348038293 5 2 3
-0.0911243745 4.49999092 -0.0154696459 -0.0188776527 0.9998157 -0.00349277957 5 2 3
-0.100489002 4.99998747 -0.0172194341 -0.0185737087 0.99982135 -0.00350517605 5 2 3
-0.109701569 5.49998352 -0.01897541 -0.018269759 0.999826906 -0.00351757236 5 2 3
-0.118762075 5.99997908 -0.0207375736 -0.0179658036 0.999832371 -0.00352996852 5 2 3
-0.12767052 6.49997416 -0.0225059249 -0.0176618426 0.999837742 -0.0035423645 5 2 3
-0.136426905 6.99996874 -0.0242804639 -0.0173578762 0.999843022 -0.00355476031 5 2 3
-0.145031229 7.49996284 -0.0260611907 -0.0170539044 0.999848208 -0.00356715595 5 2 3
-0.153483493 7.99995644 -0.0278481051 -0.0167499273 0.999853303 -0.00357955141 5 2 3
-0.161783696 8.49994955 -0.0296412073 -0.016445945 0.999858304 -0.00359194668 5 2 3
-0.169931838 8.99994218 -0.0314404972 -0.0161419576 0.999863214 -0.00360434178 5 2 3
-0.17792792 9.49993431 -0.0332459749 -0.0158379651 0.99986803 -0.00361673668 5 2 3
-0.185771941 9.99992596 -0.0350576402 -0.0155339677 0.999872755 -0.00362913139 5 2 3
-0.193463901 10.4999171 -0.0368754933 -0.0152299653 0.999877386 -0.0036415259 5 2 3
-0.201003801 10.9999078 -0.0386995341 -0.0149259582 0.999881925 -0.00365392022 5 2 3
-0.20839164 11.499898 -0.0405297626 -0.0146219464 0.999886372 -0.00366631433 5 2 3
-0.215627418 11.9998876 -0.0423661789 -0.0143179299 0.999890726 -0.00367870824 5 2 3
-0.222711136 12.4998768 -0.0442087828 -0.0140139089 0.999894988 -0.00369110193 5 2 3
-0.229642794 12.9998655 -0.0460575745 -0.0137098835 0.999899157 -0.00370349542 5 2 3
-0.23642239 13.4998538 -0.0479125539 -0.0134058536 0.999903233 -0.00371588868 5 2 3
-0.243049926 13.9998415 -0.049773721 -0.0131018195 0.999907217 -0.00372828173 5 2 3
-0.249525402 14.4998287 -0.0516410759 -0.0127977812 0.999911108 -0.00374067456 5 2 3
0.220312872 -15.0538654 -0.00789100908 0.0120350844 -0.999927485 -0.000426740891 5 1 4
0.22630913 -15.5556652 -0.00810353707 0.011861867 -0.999929557 -0.000420248517 5 1 4
0.232218451 -16.0574652 -0.00831280663 0.0116886488 -0.9999316 -0.00041375611 5 1 4
0.238040838 -16.5592656 -0.00851881776 0.0115154296 -0.999933612 -0.000407263672 5 1 4
0.243776288 -17.0610662 -0.00872157046 0.0113422097 -0.999935595 -0.000400771202 5 1 4
0.249424803 -17.562867 -0.00892106473 0.0111689889 -0.999937547 -0.000394278703 5 1 4
0.254986381 -18.0646682 -0.00911730058 0.0109957673 -0.99993947 -0.000387786173 5 1 4
0.260461024 -18.5664696 -0.00931027799 0.0108225449 -0.999941362 -0.000381293614 5 1 4
0.265848732 -19.0682713 -0.00949999698 0.0106493217 -0.999943224 -0.000374801026 5 1 4
0.271149503 -19.5700733 -0.00968645753 0.0104760978 -0.999945056 -0.00036830841 5 1 4
0.276363339 -20.0718756 -0.00986965966 0.0103028731 -0.999946859 -0.000361815767 5 1 4
0.281490238 -20.5736781 -0.0100496034 0.0101296476 -0.999948631 -0.000355323096 5 1 4
0.286530203 -21.0754809 -0.0102262886 0.00995642143 -0.999950373 -0.0003488304 5 1 4
0.291483231 -21.577284 -0.0103997155 0.00978319455 -0.999952085 -0.000342337677 5 1 4
0.296349323 -22.0790874 -0.0105698839 0.00960996698 -0.999953767 -0.000335844929 5 1 4
0.30112848 -22.580891 -0.0107367939 0.00943673873 -0.999955419 -0.000329352157 5 1 4
0.305820701 -23.0826949 -0.0109004454 0.00926350982 -0.999957041 -0.000322859361 5 1 4
0.310425986 -23.5844991 -0.0110608385 0.00909028026 -0.999958633 -0.000316366541 5 1 4
0.314944335 -24.0863035 -0.0112179732 0.00891705008 -0.999960194 -0.000309873698 5 1 4
0.319375749 -24.5881083 -0.0113718495 0.00874381928 -0.999961726 -0.000303380833 5 1 4
0.323720227 -25.0899133 -0.0115224674 0.00857058788 -0.999963228 -0.000296887946 5 1 4
0.327977769 -25.5917186 -0.0116698268 0.0083973559 -0.999964699 -0.000290395039 5 1 4
0.332148375 -26.0935241 -0.0118139277 0.00822412336 -0.999966141 -0.00028390211 5 1 4
0.336232045 -26.59533 -0.0119547703 0.00805089026 -0.999967553 -0.000277409162 5 1 4
0.34022878 -27.0971361 -0.0120923544 0.00787765663 -0.999968934 -0.000270916194 5 1 4
0.344138579 -27.5989425 -0.0122266801 0.00770442247 -0.999970286 -0.000264423208 5 1 4
0.347961442 -28.1007491 -0.0123577474 0.00753118781 -0.999971607 -0.000257930203 5 1 4
0.351697369 -28.6025561 -0.0124855562 0.00735795267 -0.999972898 -0.000251437181 5 1 4
0.355346361 -29.1043633 -0.0126101066 0.00718471705 -0.99997416 -0.000244944142 5 1 4
0.358908416 -29.6061708 -0.0127313986 0.00701148097 -0.999975391 -0.000238451087 5 1 4
0.362383536 -30.1079785 -0.0128494322 0.00683824445 -0.999976592 -0.000231958015 5 1 4
0.36577172 -30.6097865 -0.0129642073 0.0066650075 -0.999977763 -0.000225464929 5 1 4
0.369072969 -31.1115949 -0.013075724 0.00649177014 -0.999978904 -0.000218971827 5 1 4
0.372287281 -31.6134034 -0.0131839822 0.00631853239 -0.999980015 -0.000212478712 5 1 4
0.375414658 -32.1152123 -0.0132889821 0.00614529426 -0.999981096 -0.000205985583 5 1 4
0.378455099 -32.6170214 -0.0133907235 0.00597205576 -0.999982147 -0.000199492441 5 1 4
0.381408604 -33.1188309 -0.0134892064 0.00579881692 -0.999983168 -0.000192999287 5 1 4
0.384275174 -33.6206405 -0.013584431 0.00562557774 -0.999984159 -0.000186506121 5 1 4
0.387054807 -34.1224505 -0.0136763971 0.00545233824 -0.99998512 -0.000180012944 5 1 4
0.389747505 -34.6242608 -0.0137651048 0.00527909845 -0.99998605 -0.000173519756 5 1 4
0.392353267 -35.1260713 -0.0138505541 0.00510585837 -0.999986951 -0.000167026559 5 1 4
0.394872094 -35.6278821 -0.0139327449 0.00493261801 -0.999987822 -0.000160533352 5 1 4
0.397303984 -36.1296931 -0.0140116773 0.00475937741 -0.999988662 -0.000154040136 5 1 4
0.399648939 -36.6315045 -0.0140873513 0.00458613656 -0.999989473 -0.000147546912 5 1 4
0.401906958 -37.1333161 -0.0141597668 0.00441289549 -0.999990253 -0.00014105368 5 1 4
0.404078041 -37.635128 -0.0142289239 0.00423965421 -0.999991004 -0.000134560442 5 1 4
0.406162188 -38.1369401 -0.0142948226 0.00406641274 -0.999991724 -0.000128067196 5 1 4
0.4081594 -38.6387526 -0.0143574629 0.0038931711 -0.999992414 -0.000121573945 5 1 4
0.410069675 -39.1405653 -0.0144168447 0.00371992929 -0.999993074 -0.000115080689 5 1 4
0.411893015 -39.6423783 -0.0144729681 0.00354668734 -0.999993705 -0.000108587428 5 1 4
0.41362942 -40.1441915 -0.0145258331 0.00337344526 -0.999994305 -0.000102094163 5 1 4
0.415278888 -40.6460051 -0.0145754396 0.00320020306 -0.999994875 -9.56008939e-05 5 1 4
0.416841421 -41.1478189 -0.0146217877 0.00302696076 -0.999995415 -8.91076222e-05 5 1 4
0.418317018 -41.649633 -0.0146648774 0.00285371839 -0.999995925 -8.26143481e-05 5 1 4
0.419705679 -42.1514474 -0.0147047087 0.00268047594 -0.999996405 -7.61210722e-05 5 1 4
0.421007404 -42.653262 -0.0147412815 0.00250723345 -0.999996854 -6.96277951e-05 5 1 4
0.422222193 -43.1550769 -0.0147745959 0.00233399091 -0.999997274 -6.31345174e-05 5 1 4
0.423350047 -43.6568921 -0.0148046519 0.00216074836 -0.999997664 -5.66412397e-05 5 1 4
0.424390965 -44.1587076 -0.0148314494 0.00198750581 -0.999998024 -5.01479625e-05 5 1 4
0.425344947 -44.6605233 -0.0148549885 0.00181426326 -0.999998353 -4.36546864e-05 5 1 4
0.426211993 -45.1623393 -0.0148752692 0.00164102074 -0.999998653 -3.71614121e-05 5 1 4
0.426992104 -45.6641556 -0.0148922915 0.00146777826 -0.999998922 -3.06681401e-05 5 1 4
0.427685279 -46.1659722 -0.0149060553 0.00129453584 -0.999999162 -2.4174871e-05 5 1 4
0.428291518 -46.6677891 -0.0149165607 0.00112129349 -0.999999371 -1.76816054e-05 5 1 4
0.428810821 -47.1696062 -0.0149238077 0.000948051237 -0.999999551 -1.11883438e-05 5 1 4
0.429243188 -47.6714236 -0.0149277962 0.000774809084 -0.9999997 -4.6950869e-06 5 1 4
0.42958862 -48.1732412 -0.0149285263 0.000601567052 -0.999999819 1.79816477e-06 5 1 4
0.429847116 -48.6750592 -0.014925998 0.000428325155 -0.999999908 8.29141061e-06 5 1 4
0.430018676 -49.1768774 -0.0149202112 0.000255083409 -0.999999967 1.478465e-05 5 1 4
0.4301033 -49.6786959 -0.0149111661 8.18418311e-05 -0.999999996 2.12778825e-05 5 1 4
0.430100989 -50.1805147 -0.0148988625 -9.13995644e-05 -0.999999995 2.77711074e-05 5 1 4
0.430011741 -50.6823337 -0.0148833004 -0.000264640762 -0.999999964 3.4264324e-05 5 1 4
0.429835558 -51.184153 -0.01486448 -0.000437881745 -0.999999903 4.0757532e-05 5 1 4
0.429572439 -51.6859726 -0.0148424011 -0.000611122499 -0.999999812 4.72507306e-05 5 1 4
0.429222385 -52.1877925 -0.0148170637 -0.000784363007 -0.999999691 5.37439193e-05 5 1 4
0.428785394 -52.6896127 -0.014788468 -0.000957603255 -0.99999954 6.02370975e-05 5 1 4
0.428261468 -53.1914331 -0.0147566138 -0.00113084323 -0.999999358 6.67302645e-05 5 1 4
0.427650606 -53.6932538 -0.0147215012 -0.00130408291 -0.999999147 7.322342e-05 5 1 4
0.426952808 -54.1950747 -0.0146831302 -0.00147732228 -0.999998906 7.97165631e-05 5 1 4
0.426168075 -54.696896 -0.0146415007 -0.00165056132 -0.999998634 8.62096934e-05 5 1 4
0.425296405 -55.1987175 -0.0145966128 -0.00182380003 -0.999998333 9.27028103e-05 5 1 4
0.4243378 -55.7005393 -0.0145484665 -0.00199703839 -0.999998001 9.91959131e-05 5 1 4
0.423292259 -56.2023614 -0.0144970617 -0.00217027637 -0.999997639 0.000105689001 5 1 4
0.422159782 -56.7041837 -0.0144423986 -0.00234351397 -0.999997248 0.000112182074 5 1 4
0.42094037 -57.2060064 -0.0143844769 -0.00251675117 -0.999996826 0.000118675132 5 1 4
0.419634022 -57.7078293 -0.0143232969 -0.00268998795 -0.999996374 0.000125168173 5 1 4
0.418240737 -58.2096524 -0.0142588584 -0.0028632243 -0.999995892 0.000131661197 5 1 4
0.416760518 -58.7114759 -0.0141911615 -0.0030364602 -0.99999538 0.000138154203 5 1 4
0.415193362 -59.2132996 -0.0141202062 -0.00320969563 -0.999994838 0.000144647191 5 1 4
0.41353927 -59.7151236 -0.0140459925 -0.00338293059 -0.999994266 0.000151140161 5 1 4
0.411798243 -60.2169479 -0.0139685203 -0.00355616505 -0.999993664 0.000157633111 5 1 4
0.40997028 -60.7187724 -0.0138877897 -0.003729399 -0.999993032 0.000164126042 5 1 4
0.408055381 -61.2205973 -0.0138038006 -0.00390263243 -0.99999237 0.000170618952 5 1 4
0.406053547 -61.7224224 -0.0137165532 -0.00407586531 -0.999991678 0.000177111841 5 1 4
0.403964776 -62.2242478 -0.0136260473 -0.00424909763 -0.999990956 0.000183604708 5 1 4
0.40178907 -62.7260734 -0.0135322829 -0.00442232938 -0.999990203 0.000190097553 5 1 4
0.399526428 -63.2278993 -0.0134352602 -0.00459556055 -0.999989421 0.000196590375 5 1 4
0.397176851 -63.7297255 -0.013334979 -0.00476879111 -0.999988609 0.000203083174 5 1 4
0.394740337 -64.231552 -0.0132314394 -0.00494202104 -0.999987766 0.000209575949 5 1 4
0.392216888 -64.7333788 -0.0131246413 -0.00511525035 -0.999986894 0.0002160687 5 1 4
0.389606503 -65.2352058 -0.0130145848 -0.005288479 -0.999985991 0.000222561425 5 1 4
0.386909182 -65.7370331 -0.0129012699 -0.00546170698 -0.999985059 0.000229054124 5 1 4
0.384124925 -66.2388607 -0.0127846966 -0.00563493428 -0.999984096 0.000235546798 5 1 4
0.381253733 -66.7406885 -0.0126648649 -0.00580816089 -0.999983103 0.000242039444 5 1 4
0.378295604 -67.2425167 -0.0125417747 -0.00598138678 -0.99998208 0.000248532063 5 1 4
0.37525054 -67.7443451 -0.0124154261 -0.00615461194 -0.999981028 0.000255024654 5 1 4
0.372118541 -68.2461737 -0.012285819 -0.00632783636 -0.999979945 0.000261517216 5 1 4
0.368899605 -68.7480027 -0.0121529535 -0.00650106001 -0.999978832 0.000268009749 5 1 4
0.365593734 -69.2498319 -0.0120168296 -0.00667428289 -0.999977689 0.000274502252 5 1 4
0.362200926 -69.7516614 -0.0118774473 -0.00684750498 -0.999976516 0.000280994724 5 1 4
0.358721183 -70.2534912 -0.0117348065 -0.00702072626 -0.999975313 0.000287487166 5 1 4
0.355154505 -70.7553213 -0.0115889073 -0.00719394672 -0.99997408 0.000293979576 5 1 4
0.35150089 -71.2571516 -0.0114397497 -0.00736716634 -0.999972817 0.000300471954 5 1 4
0.34776034 -71.7589822 -0.0112873337 -0.0075403851 -0.999971524 0.000306964299 5 1 4
0.343932854 -72.2608131 -0.0111316592 -0.007713603 -0.999970201 0.000313456611 5 1 4
0.340018432 -72.7626442 -0.0109727263 -0.00788682001 -0.999968847 0.000319948889 5 1 4
0.336017074 -73.2644757 -0.010810535 -0.00806003611 -0.999967464 0.000326441132 5 1 4
0.331928781 -73.7663074 -0.0106450852 -0.00823325131 -0.999966051 0.000332933341 5 1 4
0.327753552 -74.2681394 -0.010476377 -0.00840646556 -0.999964607 0.000339425513 5 1 4
0.323491386 -74.7699716 -0.0103044104 -0.00857967888 -0.999963134 0.00034591765 5 1 4
0.319142286 -75.2718042 -0.0101291853 -0.00875289123 -0.999961631 0.000352409749 5 1 4
0.314706249 -75.773637 -0.00995070184 -0.00892610259 -0.999960097 0.000358901811 5 1 4
0.310183277 -76.2754701 -0.00976895994 -0.00909931297 -0.999958534 0.000365393836 5 1 4
0.305573368 -76.7773034 -0.0095839596 -0.00927252233 -0.99995694 0.000371885821 5 1 4
0.300876525 -77.279137 -0.00939570083 -0.00944573067 -0.999955317 0.000378377768 5 1 4
0.296092745 -77.780971 -0.00920418364 -0.00961893797 -0.999953663 0.000384869674 5 1 4
0.291222029 -78.2828051 -0.00900940801 -0.00979214421 -0.999951979 0.00039136154 5 1 4
0.286264378 -78.7846396 -0.00881137396 -0.00996534938 -0.999950266 0.000397853366 5 1 4
0.281219791 -79.2864743 -0.00861008148 -0.0101385535 -0.999948522 0.000404345149 5 1 4
0.276088268 -79.7883093 -0.00840553057 -0.0103117564 -0.999946748 0.000410836891 5 1 4
0.270869809 -80.2901446 -0.00819772123 -0.0104849583 -0.999944944 0.00041732859 5 1 4
0.265564415 -80.7919802 -0.00798665346 -0.010658159 -0.99994311 0.000423820246 5 1 4
-6.74552511e-18 1.72685443e-15 -2.63497075e-19 0.0172311189 -0.99985134 -0.000621494239 5 2 4
0.00860433129 -0.501791522 -0.000310280855 0.0170579351 -0.999854314 -0.000615003103 5 2 4
0.0171217268 -1.00358332 -0.000617303281 0.0168847501 -0.999857257 -0.000608511918 5 2 4
0.0255521865 -1.50537539 -0.000921067279 0.0167115637 -0.999860171 -0.000602020683 5 2 4
0.0338957104 -2.00716774 -0.00122157285 0.0165383759 -0.999863054 -0.0005955294 5 2 4
0.0421522986 -2.50896036 -0.00151881999 0.0163651869 -0.999865908 -0.000589038069 5 2 4
0.050321951 -3.01075326 -0.0018128087 0.0161919966 -0.999868731 -0.00058254669 5 2 4
0.0584046675 -3.51254644 -0.00210353898 0.016018805 -0.999871525 -0.000576055264 5 2 4
0.0664004483 -4.01433988 -0.00239101083 0.0158456122 -0.999874288 -0.000569563793 5 2 4
0.0743092933 -4.51613361 -0.00267522426 0.0156724181 -0.999877022 -0.000563072275 5 2 4
0.0821312025 -5.01792761 -0.00295617925 0.0154992229 -0.999879725 -0.000556580712 5 2 4
0.089866176 -5.51972188 -0.00323387582 0.0153260264 -0.999882398 -0.000550089105 5 2 4
0.0975142136 -6.02151643 -0.00350831395 0.0151528287 -0.999885042 -0.000543597454 5 2 4
0.105075315 -6.52331126 -0.00377949366 0.0149796298 -0.999887655 -0.00053710576 5 2 4
0.112549482 -7.02510636 -0.00404741494 0.0148064298 -0.999890238 -0.000530614023 5 2 4
0.119936712 -7.52690173 -0.00431207779 0.0146332286 -0.999892791 -0.000524122244 5 2 4
0.127237006 -8.02869738 -0.00457348221 0.0144600263 -0.999895314 -0.000517630423 5 2 4
0.134450365 -8.53049331 -0.00483162821 0.0142868229 -0.999897807 -0.000511138561 5 2 4
0.141576788 -9.03228951 -0.00508651577 0.0141136184 -0.999900271 -0.000504646658 5 2 4
0.148616275 -9.53408599 -0.0053381449 0.0139404128 -0.999902704 -0.000498154716 5 2 4
0.155568826 -10.0358827 -0.00558651561 0.0137672062 -0.999905107 -0.000491662735 5 2 4
0.162434442 -10.5376798 -0.00583162789 0.0135939984 -0.99990748 -0.000485170715 5 2 4
0.169213122 -11.0394771 -0.00607348174 0.0134207897 -0.999909823 -0.000478678657 5 2 4
0.175904866 -11.5412746 -0.00631207716 0.0132475799 -0.999912135 -0.000472186561 5 2 4
0.182509674 -12.0430725 -0.00654741415 0.0130743692 -0.999914418 -0.000465694429 5 2 4
0.189027546 -12.5448706 -0.00677949271 0.0129011574 -0.999916671 -0.00045920226 5 2 4
0.195458483 -13.046669 -0.00700831284 0.0127279447 -0.999918894 -0.000452710055 5 2 4
0.201802484 -13.5484677 -0.00723387454 0.012554731 -0.999921087 -0.000446217816 5 2 4
0.208059549 -14.0502667 -0.00745617782 0.0123815164 -0.999923249 -0.000439725541 5 2 4
0.214229678 -14.5520659 -0.00767522266 0.0122083008 -0.999925382 -0.000433233233 5 2 4
