19.7585985 -0.952139853 3.49774628 0.982280327 -0.0335294869 0.18439396 5 1 1
20.2513053 -0.96878487 3.59036917 0.982207359 -0.0328350134 0.18490691 5 1 1
20.7439508 -0.985080693 3.68324471 0.982133647 -0.0321404459 0.185419772 5 1 1
21.2365348 -1.00102732 3.7763729 0.982059189 -0.0314457859 0.185932545 5 1 1
21.7290575 -1.01662476 3.86975373 0.981983987 -0.0307510351 0.186445228 5 1 1
22.2215189 -1.031873 3.96338721 0.98190804 -0.030056195 0.186957819 5 1 1
22.7139188 -1.04677204 4.05727333 0.981831348 -0.0293612671 0.187470319 5 1 1
23.2062574 -1.0613219 4.1514121 0.981753911 -0.028666253 0.187982724 5 1 1
23.6985346 -1.07552255 4.24580351 0.981675729 -0.0279711542 0.188495035 5 1 1
24.1907505 -1.08937402 4.34044757 0.981596801 -0.0272759723 0.18900725 5 1 1
24.682905 -1.10287629 4.43534428 0.981517129 -0.0265807088 0.189519368 5 1 1
25.1749981 -1.11602936 4.53049363 0.981436712 -0.0258853653 0.190031388 5 1 1
25.6670298 -1.12883324 4.62589563 0.98135555 -0.0251899434 0.190543308 5 1 1
26.1590001 -1.14128793 4.72155027 0.981273642 -0.0244944446 0.191055127 5 1 1
26.6509091 -1.15339343 4.81745756 0.981190989 -0.0237988704 0.191566845 5 1 1
27.1427567 -1.16514973 4.91361749 0.981107592 -0.0231032225 0.192078459 5 1 1
27.634543 -1.17655683 5.01003007 0.981023449 -0.0224075024 0.192589969 5 1 1
28.1262678 -1.18761474 5.1066953 0.980938561 -0.0217117116 0.193101374 5 1 1
28.6179313 -1.19832346 5.20361317 0.980852928 -0.0210158517 0.193612672 5 1 1
29.1095335 -1.20868298 5.30078369 0.980766551 -0.0203199243 0.194123862 5 1 1
29.6010742 -1.21869331 5.39820685 0.980679428 -0.0196239309 0.194634943 5 1 1
30.0925536 -1.22835445 5.49588266 0.98059156 -0.0189278731 0.195145914 5 1 1
30.5839716 -1.23766639 5.59381111 0.980502947 -0.0182317525 0.195656774 5 1 1
31.0753282 -1.24662913 5.69199221 0.98041359 -0.0175355706 0.196167521 5 1 1
31.5666235 -1.25524268 5.79042596 0.980323488 -0.016839329 0.196678155 5 1 1
32.0578573 -1.26350704 5.88911235 0.980232641 -0.0161430292 0.197188673 5 1 1
32.5490299 -1.27142221 5.98805139 0.980141049 -0.0154466729 0.197699076 5 1 1
33.040141 -1.27898818 6.08724307 0.980048713 -0.0147502616 0.198209361 5 1 1
33.5311908 -1.28620495 6.1866874 0.979955632 -0.0140537968 0.198719528 5 1 1
34.0221792 -1.29307253 6.28638437 0.979861806 -0.0133572802 0.199229575 5 1 1
34.5131062 -1.29959092 6.38633399 0.979767237 -0.0126607133 0.199739501 5 1 1
35.0039718 -1.30576012 6.48653626 0.979671923 -0.0119640976 0.200249305 5 1 1
35.4947761 -1.31158012 6.58699117 0.979575864 -0.0112674349 0.200758987 5 1 1
35.985519 -1.31705092 6.68769873 0.979479062 -0.0105707265 0.201268544 5 1 1
36.4762005 -1.32217253 6.78865893 0.979381516 -0.00987397411 0.201777975 5 1 1
36.9668207 -1.32694495 6.88987178 0.979283226 -0.0091771793 0.20228728 5 1 1
37.4573795 -1.33136817 6.99133727 0.979184192 -0.00848034363 0.202796457 5 1 1
37.9478769 -1.3354422 7.09305541 0.979084414 -0.00778346867 0.203305504 5 1 1
38.4383129 -1.33916704 7.1950262 0.978983893 -0.007086556 0.203814422 5 1 1
38.9286876 -1.34254268 7.29724963 0.978882628 -0.00638960719 0.204323208 5 1 1
39.4190009 -1.34556912 7.39972571 0.97878062 -0.00569262382 0.204831862 5 1 1
39.9092528 -1.34824637 7.50245443 0.978677869 -0.00499560747 0.205340382 5 1 1
40.3994434 -1.35057443 7.6054358 0.978574375 -0.00429855971 0.205848767 5 1 1
40.8895726 -1.3525533 7.70866981 0.978470138 -0.00360148212 0.206357016 5 1 1
41.3796404 -1.35418297 7.81215647 0.978365158 -0.00290437627 0.206865128 5 1 1
41.8696468 -1.35546344 7.91589578 0.978259436 -0.00220724375 0.207373102 5 1 1
42.3595919 -1.35639472 8.01988773 0.978152972 -0.00151008613 0.207880936 5 1 1
42.8494756 -1.35697681 8.12413233 0.978045765 -0.000812904995 0.208388629 5 1 1
43.3392979 -1.35720971 8.22862957 0.977937816 -0.000115701915 0.208896181 5 1 1
43.8290588 -1.35709341 8.33337946 0.977829126 0.000581521528 0.209403589 5 1 1
44.3187584 -1.35662791 8.43838199 0.977719693 0.00127876375 0.209910853 5 1 1
44.8083966 -1.35581322 8.54363717 0.977609519 0.00197602318 0.210417972 5 1 1
45.2979734 -1.35464934 8.649145 0.977498604 0.00267329823 0.210924944 5 1 1
45.7874889 -1.35313626 8.75490547 0.977386948 0.00337058733 0.211431769 5 1 1
46.2769429 -1.35127399 8.86091859 0.977274551 0.00406788889 0.211938445 5 1 1
46.7663357 -1.34906253 8.96718435 0.977161413 0.00476520134 0.21244497 5 1 1
47.255667 -1.34650187 9.07370276 0.977047535 0.00546252308 0.212951345 5 1 1
47.744937 -1.34359201 9.18047382 0.976932916 0.00615985255 0.213457567 5 1 1
48.2341455 -1.34033297 9.28749752 0.976817558 0.00685718816 0.213963636 5 1 1
48.7232928 -1.33672472 9.39477386 0.97670146 0.00755452833 0.21446955 5 1 1
49.2123786 -1.33276729 9.50230285 0.976584622 0.00825187148 0.214975309 5 1 1
49.7014031 -1.32846066 9.61008449 0.976467044 0.00894921603 0.21548091 5 1 1
50.1903662 -1.32380483 9.71811877 0.976348728 0.0096465604 0.215986353 5 1 1
50.6792679 -1.31879982 9.8264057 0.976229673 0.010343903 0.216491638 5 1 1
51.1681083 -1.3134456 9.93494528 0.976109879 0.0110412423 0.216996761 5 1 1
51.6568872 -1.3077422 10.0437375 0.975989347 0.0117385766 0.217501724 5 1 1
52.1456049 -1.3016896 10.1527824 0.975868077 0.0124359044 0.218006523 5 1 1
52.6342611 -1.2952878 10.2620799 0.975746069 0.0131332242 0.218511159 5 1 1
53.122856 -1.28853681 10.37163 0.975623324 0.0138305342 0.21901563 5 1 1
53.6113895 -1.28143663 10.4814328 0.975499841 0.014527833 0.219519935 5 1 1
54.0998616 -1.27398725 10.5914883 0.975375622 0.015225119 0.220024072 5 1 1
54.5882723 -1.26618868 10.7017964 0.975250665 0.0159223906 0.220528041 5 1 1
55.0766217 -1.25804092 10.8123571 0.975124973 0.0166196462 0.221031841 5 1 1
55.5649097 -1.24954396 10.9231705 0.974998544 0.0173168842 0.22153547 5 1 1
56.0531363 -1.24069781 11.0342365 0.97487138 0.018014103 0.222038927 5 1 1
56.5413016 -1.23150246 11.1455552 0.97474348 0.0187113011 0.222542211 5 1 1
57.0294055 -1.22195792 11.2571265 0.974614845 0.0194084769 0.223045321 5 1 1
57.517448 -1.21206418 11.3689505 0.974485475 0.0201056288 0.223548255 5 1 1
58.0054291 -1.20182125 11.4810271 0.974355371 0.0208027553 0.224051014 5 1 1
58.4933489 -1.19122913 11.5933564 0.974224532 0.0214998546 0.224553595 5 1 1
58.9812073 -1.18028781 11.7059383 0.97409296 0.0221969254 0.225055997 5 1 1
59.4690043 -1.1689973 11.8187728 0.973960654 0.0228939659 0.22555822 5 1 1
59.95674 -1.15735759 11.93186 0.973827615 0.0235909747 0.226060262 5 1 1
60.4444142 -1.14536869 12.0451999 0.973693843 0.02428795 0.226562121 5 1 1
60.9320271 -1.13303059 12.1587924 0.973559339 0.0249848905 0.227063798 5 1 1
61.4195787 -1.12034331 12.2726375 0.973424103 0.0256817944 0.22756529 5 1 1
61.9070688 -1.10730682 12.3867353 0.973288135 0.0263786602 0.228066598 5 1 1
62.3944976 -1.09392115 12.5010857 0.973151435 0.0270754863 0.228567718 5 1 1
62.881865 -1.08018628 12.6156888 0.973014005 0.0277722711 0.229068651 5 1 1
63.3691711 -1.06610221 12.7305445 0.972875844 0.0284690132 0.229569395 5 1 1
63.8564158 -1.05166895 12.8456529 0.972736953 0.0291657108 0.23006995 5 1 1
64.343599 -1.0368865 12.9610139 0.972597332 0.0298623624 0.230570313 5 1 1
64.830721 -1.02175485 13.0766275 0.972456981 0.0305589665 0.231070484 5 1 1
65.3177815 -1.00627401 13.1924938 0.972315902 0.0312555215 0.231570462 5 1 1
65.8047807 -0.990443973 13.3086128 0.972174094 0.0319520257 0.232070246 5 1 1
66.2917185 -0.974264743 13.4249844 0.972031558 0.0326484777 0.232569835 5 1 1
66.7785949 -0.95773632 13.5416086 0.971888293 0.0333448758 0.233069227 5 1 1
67.26541 -0.940858701 13.6584855 0.971744302 0.0340412186 0.233568421 5 1 1
67.7521637 -0.923631889 13.775615 0.971599583 0.0347375043 0.234067417 5 1 1
68.238856 -0.906055883 13.8929972 0.971454138 0.0354337314 0.234566212 5 1 1
68.725487 -0.888130683 14.010632 0.971307967 0.0361298984 0.235064807 5 1 1
69.2120565 -0.869856288 14.1285195 0.97116107 0.0368260037 0.2355632 5 1 1
69.6985647 -0.8512327 14.2466596 0.971013448 0.0375220458 0.236061389 5 1 1
70.1850116 -0.832259917 14.3650523 0.970865101 0.038218023 0.236559375 5 1 1
70.671397 -0.81293794 14.4836978 0.97071603 0.0389139338 0.237057155 5 1 1
71.1577211 -0.793266769 14.6025958 0.970566235 0.0396097766 0.237554729 5 1 1
71.6439838 -0.773246404 14.7217465 0.970415717 0.0403055498 0.238052095 5 1 1
72.1301851 -0.752876845 14.8411498 0.970264475 0.041001252 0.238549252 5 1 1
72.6163251 -0.732158092 14.9608058 0.970112511 0.0416968815 0.2390462 5 1 1
73.1024037 -0.711090144 15.0807145 0.969959825 0.0423924367 0.239542937 5 1 1
73.5884209 -0.689673003 15.2008757 0.969806418 0.0430879162 0.240039462 5 1 1
74.0743768 -0.667906667 15.3212897 0.969652289 0.0437833183 0.240535774 5 1 1
74.5602712 -0.645791137 15.4419562 0.96949744 0.0444786415 0.241031873 5 1 1
75.0461043 -0.623326413 15.5628754 0.969341871 0.0451738842 0.241527756 5 1 1
75.5318761 -0.600512495 15.6840473 0.969185583 0.0458690448 0.242023422 5 1 1
76.0175864 -0.577349383 15.8054718 0.969028575 0.0465641218 0.242518872 5 1 1
76.5032354 -0.553837077 15.927149 0.968870849 0.0472591137 0.243014103 5 1 1
76.988823 -0.529975577 16.0490788 0.968712405 0.0479540189 0.243509115 5 1 1
77.4743493 -0.505764882 16.1712612 0.968553243 0.0486488358 0.244003906 5 1 1
77.9598141 -0.481204994 16.2936963 0.968393364 0.0493435629 0.244498476 5 1 1
78.4452176 -0.456295911 16.416384 0.968232769 0.0500381985 0.244992823 5 1 1
78.9305597 -0.431037634 16.5393244 0.968071458 0.0507327413 0.245486946 5 1 1
79.4158405 -0.405430164 16.6625174 0.967909432 0.0514271896 0.245980844 5 1 1
79.9010599 -0.379473499 16.7859631 0.967746691 0.0521215418 0.246474517 5 1 1
80.3862179 -0.353167639 16.9096614 0.967583235 0.0528157964 0.246967963 5 1 1
80.8713145 -0.326512586 17.0336124 0.967419066 0.0535099519 0.24746118 5 1 1
81.3563498 -0.299508339 17.157816 0.967254184 0.0542040067 0.247954169 5 1 1
81.8413236 -0.272154897 17.2822722 0.967088589 0.0548979593 0.248446928 5 1 1
82.3262362 -0.244452262 17.4069811 0.966922282 0.0555918081 0.248939455 5 1 1
82.8110873 -0.216400432 17.5319427 0.966755263 0.0562855516 0.24943175 5 1 1
83.2958771 -0.187999408 17.6571569 0.966587534 0.0569791882 0.249923813 5 1 1
83.7806055 -0.15924919 17.7826237 0.966419094 0.0576727164 0.25041564 5 1 1
84.2652725 -0.130149778 17.9083432 0.966249944 0.0583661346 0.250907233 5 1 1
84.7498781 -0.100701172 18.0343153 0.966080086 0.0590594414 0.251398589 5 1 1
85.2344224 -0.0709033719 18.1605401 0.965909519 0.0597526351 0.251889707 5 1 1
85.7189053 -0.0407563775 18.2870175 0.965738243 0.0604457143 0.252380587 5 1 1
86.2033269 -0.010260189 18.4137476 0.965566261 0.0611386774 0.252871228 5 1 1
86.687687 0.0205851936 18.5407303 0.965393572 0.0618315228 0.253361628 5 1 1
87.1719858 0.0517797703 18.6679657 0.965220176 0.062524249 0.253851786 5 1 1
87.6562232 0.0833235412 18.7954537 0.965046076 0.0632168546 0.254341702 5 1 1
88.1403993 0.115216506 18.9231943 0.96487127 0.0639093379 0.254831374 5 1 1
88.6245139 0.147458665 19.0511876 0.96469576 0.0646016974 0.255320801 5 1 1
89.1085672 0.180050018 19.1794336 0.964519546 0.0652939316 0.255809983 5 1 1
89.5925592 0.212990566 19.3079321 0.96434263 0.0659860391 0.256298918 5 1 1
90.0764897 0.246280307 19.4366834 0.964165011 0.0666780181 0.256787605 5 1 1
90.5603589 0.279919243 19.5656873 0.96398669 0.0673698673 0.257276043 5 1 1
91.0441667 0.313907372 19.6949438 0.963807668 0.0680615851 0.257764232 5 1 1
91.5279131 0.348244696 19.8244529 0.963627946 0.06875317 0.258252169 5 1 1
92.0115982 0.382931214 19.9542148 0.963447524 0.0694446205 0.258739855 5 1 1
92.4952219 0.417966926 20.0842292 0.963266403 0.070135935 0.259227288 5 1 1
92.9787842 0.453351832 20.2144963 0.963084584 0.070827112 0.259714467 5 1 1
93.4622852 0.489085932 20.3450161 0.962902067 0.07151815 0.260201392 5 1 1
93.9457247 0.525169227 20.4757885 0.962718852 0.0722090475 0.26068806 5 1 1
94.4291029 0.561601715 20.6068135 0.962534942 0.072899803 0.261174471 5 1 1
94.9124198 0.598383398 20.7380912 0.962350336 0.073590415 0.261660625 5 1 1
95.3956752 0.635514274 20.8696215 0.962165034 0.0742808819 0.262146519 5 1 1
95.8788693 0.672994345 21.0014045 0.961979039 0.0749712023 0.262632154 5 1 1
96.362002 0.71082361 21.1334402 0.961792349 0.0756613747 0.263117528 5 1 1
96.8450733 0.749002069 21.2657284 0.961604967 0.0763513974 0.26360264 5 1 1
97.3280833 0.787529722 21.3982693 0.961416893 0.0770412692 0.264087489 5 1 1
97.8110319 0.826406569 21.5310629 0.961228127 0.0777309883 0.264572074 5 1 1
98.2939191 0.865632611 21.6641091 0.96103867 0.0784205534 0.265056394 5 1 1
98.776745 0.905207846 21.797408 0.960848523 0.0791099629 0.265540448 5 1 1
99.2595094 0.945132276 21.9309595 0.960657687 0.0797992154 0.266024236 5 1 1
99.7422125 0.985405899 22.0647636 0.960466162 0.0804883093 0.266507755 5 1 1
100.224854 1.02602872 22.1988204 0.960273949 0.0811772432 0.266991006 5 1 1
100.707435 1.06700073 22.3331298 0.96008105 0.0818660156 0.267473987 5 1 1
101.189954 1.10832194 22.4676919 0.959887463 0.0825546249 0.267956698 5 1 1
101.672411 1.14999234 22.6025067 0.959693191 0.0832430697 0.268439136 5 1 1
102.154807 1.19201193 22.737574 0.959498235 0.0839313484 0.268921302 5 1 1
102.637142 1.23438072 22.8728941 0.959302594 0.0846194598 0.269403194 5 1 1
103.119416 1.2770987 23.0084667 0.959106269 0.0853074021 0.269884812 5 1 1
103.601628 1.32016588 23.144292 0.958909262 0.085995174 0.270366154 5 1 1
104.083779 1.36358225 23.28037 0.958711573 0.0866827739 0.270847219 5 1 1
104.565868 1.40734781 23.4167006 0.958513203 0.0873702005 0.271328007 5 1 1
105.047896 1.45146257 23.5532838 0.958314153 0.0880574521 0.271808516 5 1 1
105.529863 1.49592652 23.6901197 0.958114423 0.0887445275 0.272288746 5 1 1
106.011768 1.54073967 23.8272083 0.957914014 0.0894314249 0.272768696 5 1 1
106.493612 1.58590201 23.9645495 0.957712928 0.0901181431 0.273248364 5 1 1
106.975394 1.63141355 24.1021433 0.957511164 0.0908046806 0.27372775 5 1 1
107.457116 1.67727428 24.2399898 0.957308724 0.0914910357 0.274206853 5 1 1
107.938775 1.7234842 24.3780889 0.957105608 0.0921772072 0.274685671 5 1 1
108.420374 1.77004332 24.5164407 0.956901817 0.0928631936 0.275164205 5 1 1
108.901911 1.81695163 24.6550451 0.956697353 0.0935489933 0.275642452 5 1 1
109.383386 1.86420914 24.7939022 0.956492215 0.094234605 0.276120412 5 1 1
109.864801 1.91181584 24.9330119 0.956286405 0.0949200271 0.276598085 5 1 1
0 -6.64826306e-17 4.25488836e-16 0.984589564 -0.0612137661 0.163817783 5 2 1
0.495161726 -0.0306127816 0.0825170654 0.984546285 -0.0605243055 0.164333262 5 2 1
0.99026208 -0.060876369 0.165286777 0.984502268 -0.05983469 0.164848701 5 2 1
1.48530106 -0.0907907623 0.248309133 0.984457512 -0.0591449213 0.165364099 5 2 1
1.98027867 -0.120355962 0.331584136 0.984412017 -0.0584550007 0.165879454 5 2 1
2.47519491 -0.149571967 0.415111784 0.984365783 -0.0577649299 0.166394765 5 2 1
2.97004977 -0.178438778 0.498892078 0.984318809 -0.0570747103 0.166910032 5 2 1
3.46484326 -0.206956394 0.582925018 0.984271096 -0.0563843433 0.167425253 5 2 1
3.95957538 -0.235124817 0.667210603 0.984222643 -0.0556938306 0.167940427 5 2 1
4.45424613 -0.262944046 0.751748835 0.984173449 -0.0550031735 0.168455552 5 2 1
4.9488555 -0.29041408 0.836539711 0.984123515 -0.0543123737 0.168970628 5 2 1
5.4434035 -0.317534921 0.921583234 0.98407284 -0.0536214325 0.169485653 5 2 1
5.93789013 -0.344306567 1.0068794 0.984021425 -0.0529303516 0.170000626 5 2 1
6.43231538 -0.370729019 1.09242822 0.983969269 -0.0522391323 0.170515546 5 2 1
6.92667927 -0.396802277 1.17822968 0.983916371 -0.0515477763 0.171030412 5 2 1
7.42098178 -0.422526341 1.26428378 0.983862732 -0.050856285 0.171545222 5 2 1
7.91522292 -0.447901211 1.35059053 0.983808351 -0.05016466 0.172059976 5 2 1
8.40940268 -0.472926887 1.43714993 0.983753229 -0.0494729027 0.172574672 5 2 1
8.90352108 -0.497603368 1.52396197 0.983697364 -0.0487810146 0.173089308 5 2 1
9.3975781 -0.521930656 1.61102666 0.983640757 -0.0480889974 0.173603885 5 2 1
9.89157375 -0.545908749 1.69834399 0.983583408 -0.0473968525 0.1741184 5 2 1
10.385508 -0.569537649 1.78591397 0.983525317 -0.0467045813 0.174632852 5 2 1
10.8793809 -0.592817354 1.8737366 0.983466483 -0.0460121856 0.17514724 5 2 1
11.3731925 -0.615747865 1.96181187 0.983406906 -0.0453196667 0.175661564 5 2 1
11.8669426 -0.638329182 2.05013979 0.983346586 -0.0446270261 0.176175821 5 2 1
12.3606314 -0.660561304 2.13872035 0.983285523 -0.0439342655 0.176690011 5 2 1
12.8542588 -0.682444233 2.22755356 0.983223717 -0.0432413864 0.177204132 5 2 1
13.3478249 -0.703977968 2.31663941 0.983161168 -0.0425483902 0.177718184 5 2 1
13.8413295 -0.725162508 2.40597791 0.983097875 -0.0418552785 0.178232164 5 2 1
14.3347728 -0.745997855 2.49556906 0.983033838 -0.0411620528 0.178746072 5 2 1
14.8281547 -0.766484007 2.58541285 0.982969058 -0.0404687147 0.179259907 5 2 1
15.3214753 -0.786620965 2.67550929 0.982903534 -0.0397752656 0.179773668 5 2 1
15.8147345 -0.806408729 2.76585837 0.982837266 -0.0390817072 0.180287352 5 2 1
16.3079323 -0.825847299 2.8564601 0.982770253 -0.038388041 0.18080096 5 2 1
16.8010687 -0.844936675 2.94731447 0.982702497 -0.0376942684 0.18131449 5 2 1
17.2941438 -0.863676856 3.03842149 0.982633997 -0.0370003911 0.18182794 5 2 1
17.7871575 -0.882067844 3.12978116 0.982564752 -0.0363064106 0.18234131 5 2 1
18.2801098 -0.900109637 3.22139347 0.982494762 -0.0356123283 0.182854598 5 2 1
18.7730007 -0.917802236 3.31325843 0.982424029 -0.0349181459 0.183367803 5 2 1
19.2658303 -0.935145642 3.40537603 0.98235255 -0.034223865 0.183880924 5 2 1
-10.0516938 17.1805118 -2.41350697 -0.498210107 0.85914433 -0.116866202 5 1 2
-10.301365 17.6111558 -2.47203815 -0.498054585 0.85925832 -0.116690916 5 1 2
-10.5509571 18.041855 -2.53048122 -0.497899028 0.859372252 -0.116515619 5 1 2
-10.8004702 18.4726094 -2.58883616 -0.497743436 0.859486127 -0.116340313 5 1 2
-11.0499041 18.903419 -2.64710298 -0.497587809 0.859599945 -0.116164998 5 1 2
-11.299259 19.3342838 -2.70528168 -0.497432147 0.859713705 -0.115989674 5 1 2
-11.5485348 19.7652038 -2.76337226 -0.49727645 0.859827408 -0.11581434 5 1 2
-11.7977315 20.1961789 -2.82137472 -0.497120717 0.859941053 -0.115638996 5 1 2
-12.0468491 20.6272092 -2.87928905 -0.49696495 0.860054641 -0.115463644 5 1 2
-12.2958877 21.0582947 -2.93711527 -0.496809147 0.860168172 -0.115288282 5 1 2
-12.5448471 21.4894354 -2.99485336 -0.49665331 0.860281644 -0.115112911 5 1 2
-12.7937275 21.9206313 -3.05250333 -0.496497437 0.86039506 -0.114937531 5 1 2
-13.0425288 22.3518823 -3.11006519 -0.49634153 0.860508417 -0.114762142 5 1 2
-13.2912511 22.7831885 -3.16753891 -0.496185588 0.860621718 -0.114586743 5 1 2
-13.5398942 23.21455 -3.22492452 -0.496029611 0.86073496 -0.114411336 5 1 2
-13.7884583 23.6459666 -3.28222201 -0.495873599 0.860848145 -0.114235919 5 1 2
-14.0369433 24.0774383 -3.33943137 -0.495717552 0.860961272 -0.114060493 5 1 2
-14.2853492 24.5089653 -3.39655262 -0.495561471 0.861074342 -0.113885059 5 1 2
-14.533676 24.9405474 -3.45358574 -0.495405355 0.861187354 -0.113709615 5 1 2
-14.7819237 25.3721848 -3.51053074 -0.495249204 0.861300308 -0.113534163 5 1 2
-15.0300924 25.8038773 -3.56738762 -0.495093018 0.861413204 -0.113358702 5 1 2
-15.278182 26.235625 -3.62415638 -0.494936798 0.861526042 -0.113183232 5 1 2
-15.5261925 26.6674279 -3.68083702 -0.494780543 0.861638823 -0.113007753 5 1 2
-15.7741239 27.0992859 -3.73742953 -0.494624254 0.861751546 -0.112832265 5 1 2
-16.0219763 27.5311992 -3.79393393 -0.49446793 0.861864211 -0.112656769 5 1 2
-16.2697495 27.9631676 -3.8503502 -0.494311572 0.861976818 -0.112481264 5 1 2
-16.5174437 28.3951912 -3.90667835 -0.494155179 0.862089367 -0.11230575 5 1 2
-16.7650588 28.82727 -3.96291838 -0.493998752 0.862201859 -0.112130228 5 1 2
-17.0125948 29.259404 -4.01907029 -0.49384229 0.862314292 -0.111954697 5 1 2
-17.2600518 29.6915931 -4.07513407 -0.493685794 0.862426667 -0.111779158 5 1 2
-17.5074296 30.1238374 -4.13110974 -0.493529264 0.862538985 -0.11160361 5 1 2
-17.7547284 30.556137 -4.18699728 -0.493372699 0.862651244 -0.111428054 5 1 2
-18.0019481 30.9884917 -4.24279671 -0.4932161 0.862763445 -0.111252489 5 1 2
-18.2490887 31.4209016 -4.29850801 -0.493059467 0.862875588 -0.111076916 5 1 2
-18.4961503 31.8533666 -4.35413119 -0.492902799 0.862987673 -0.110901334 5 1 2
-18.7431327 32.2858869 -4.40966625 -0.492746098 0.8630997 -0.110725744 5 1 2
-18.9900361 32.7184623 -4.46511319 -0.492589362 0.863211669 -0.110550146 5 1 2
-19.2368604 33.1510929 -4.520472 -0.492432592 0.86332358 -0.11037454 5 1 2
-19.4836056 33.5837787 -4.5757427 -0.492275788 0.863435432 -0.110198925 5 1 2
-19.7302717 34.0165197 -4.63092527 -0.49211895 0.863547226 -0.110023302 5 1 2
-19.9768588 34.4493159 -4.68601972 -0.491962078 0.863658962 -0.109847671 5 1 2
-20.2233668 34.8821672 -4.74102605 -0.491805171 0.86377064 -0.109672032 5 1 2
-20.4697956 35.3150738 -4.79594426 -0.491648231 0.86388226 -0.109496385 5 1 2
-20.7161455 35.7480355 -4.85077435 -0.491491257 0.863993821 -0.10932073 5 1 2
-20.9624162 36.1810524 -4.90551632 -0.491334249 0.864105323 -0.109145067 5 1 2
-21.2086078 36.6141244 -4.96017016 -0.491177207 0.864216768 -0.108969396 5 1 2
-21.4547204 37.0472517 -5.01473588 -0.491020132 0.864328154 -0.108793717 5 1 2
-21.7007539 37.4804342 -5.06921349 -0.490863022 0.864439482 -0.10861803 5 1 2
-21.9467083 37.9136718 -5.12360297 -0.490705879 0.864550751 -0.108442335 5 1 2
-22.1925836 38.3469646 -5.17790433 -0.490548702 0.864661962 -0.108266632 5 1 2
-22.4383799 38.7803126 -5.23211757 -0.490391491 0.864773114 -0.108090922 5 1 2
-22.6840971 39.2137158 -5.28624268 -0.490234246 0.864884208 -0.107915203 5 1 2
-22.9297351 39.6471741 -5.34027968 -0.490076968 0.864995243 -0.107739477 5 1 2
-23.1752942 40.0806877 -5.39422855 -0.489919657 0.86510622 -0.107563744 5 1 2
-23.4207741 40.5142564 -5.4480893 -0.489762311 0.865217138 -0.107388003 5 1 2
-23.6661749 40.9478803 -5.50186194 -0.489604932 0.865327997 -0.107212254 5 1 2
-23.9114967 41.3815594 -5.55554644 -0.48944752 0.865438798 -0.107036497 5 1 2
-24.1567394 41.8152936 -5.60914283 -0.489290074 0.865549541 -0.106860733 5 1 2
-24.401903 42.2490831 -5.6626511 -0.489132595 0.865660224 -0.106684962 5 1 2
-24.6469875 42.6829277 -5.71607125 -0.488975082 0.865770849 -0.106509183 5 1 2
-24.891993 43.1168276 -5.76940327 -0.488817536 0.865881415 -0.106333396 5 1 2
-25.1369193 43.5507826 -5.82264717 -0.488659956 0.865991923 -0.106157603 5 1 2
-25.3817666 43.9847927 -5.87580295 -0.488502343 0.866102372 -0.105981801 5 1 2
-25.6265348 44.4188581 -5.92887061 -0.488344697 0.866212762 -0.105805993 5 1 2
-25.8712239 44.8529787 -5.98185015 -0.488187017 0.866323093 -0.105630177 5 1 2
-26.115834 45.2871544 -6.03474157 -0.488029305 0.866433366 -0.105454354 5 1 2
-26.3603649 45.7213853 -6.08754487 -0.487871559 0.866543579 -0.105278524 5 1 2
-26.6048168 46.1556714 -6.14026004 -0.48771378 0.866653734 -0.105102686 5 1 2
-26.8491896 46.5900127 -6.19288709 -0.487555967 0.86676383 -0.104926842 5 1 2
-27.0934833 47.0244092 -6.24542603 -0.487398122 0.866873867 -0.10475099 5 1 2
-27.337698 47.4588608 -6.29787684 -0.487240244 0.866983845 -0.104575131 5 1 2
-27.5818335 47.8933676 -6.35023953 -0.487082332 0.867093764 -0.104399266 5 1 2
-27.82589 48.3279296 -6.40251409 -0.486924388 0.867203624 -0.104223393 5 1 2
-28.0698674 48.7625468 -6.45470054 -0.48676641 0.867313425 -0.104047513 5 1 2
-28.3137657 49.1972192 -6.50679887 -0.4866084 0.867423167 -0.103871626 5 1 2
-28.5575849 49.6319468 -6.55880907 -0.486450356 0.86753285 -0.103695733 5 1 2
-28.8013251 50.0667295 -6.61073115 -0.48629228 0.867642474 -0.103519832 5 1 2
-29.0449862 50.5015675 -6.66256511 -0.486134171 0.867752039 -0.103343925 5 1 2
-29.2885682 50.9364606 -6.71431095 -0.485976029 0.867861545 -0.103168011 5 1 2
-29.5320711 51.3714089 -6.76596867 -0.485817855 0.867970991 -0.10299209 5 1 2
-29.7754949 51.8064123 -6.81753827 -0.485659647 0.868080379 -0.102816163 5 1 2
-30.0188397 52.241471 -6.86901974 -0.485501407 0.868189707 -0.102640228 5 1 2
-30.2621053 52.6765848 -6.92041309 -0.485343134 0.868298976 -0.102464288 5 1 2
-30.5052919 53.1117538 -6.97171833 -0.485184829 0.868408186 -0.10228834 5 1 2
-30.7483994 53.546978 -7.02293544 -0.48502649 0.868517337 -0.102112386 5 1 2
-30.9914279 53.9822574 -7.07406443 -0.48486812 0.868626428 -0.101936426 5 1 2
-31.2343772 54.417592 -7.1251053 -0.484709716 0.86873546 -0.101760459 5 1 2
-31.4772475 54.8529818 -7.17605804 -0.484551281 0.868844433 -0.101584485 5 1 2
-31.7200387 55.2884267 -7.22692267 -0.484392812 0.868953347 -0.101408505 5 1 2
-31.9627508 55.7239268 -7.27769917 -0.484234312 0.869062201 -0.101232519 5 1 2
-32.2053838 56.1594821 -7.32838756 -0.484075778 0.869170995 -0.101056526 5 1 2
-32.4479378 56.5950926 -7.37898782 -0.483917213 0.869279731 -0.100880527 5 1 2
-32.6904126 57.0307583 -7.42949996 -0.483758615 0.869388407 -0.100704522 5 1 2
-32.9328084 57.4664791 -7.47992398 -0.483599984 0.869497023 -0.10052851 5 1 2
-33.1751251 57.9022551 -7.53025987 -0.483441322 0.86960558 -0.100352492 5 1 2
-33.4173627 58.3380864 -7.58050765 -0.483282627 0.869714078 -0.100176468 5 1 2
-33.6595213 58.7739728 -7.6306673 -0.4831239 0.869822516 -0.100000438 5 1 2
-33.9016007 59.2099143 -7.68073884 -0.482965141 0.869930895 -0.0998244022 5 1 2
-34.1436011 59.6459111 -7.73072225 -0.482806349 0.870039214 -0.0996483599 5 1 2
-34.3855224 60.081963 -7.78061754 -0.482647525 0.870147473 -0.0994723116 5 1 2
-34.6273647 60.5180702 -7.83042471 -0.48248867 0.870255673 -0.0992962574 5 1 2
-34.8691278 60.9542325 -7.88014376 -0.482329782 0.870363814 -0.0991201971 5 1 2
-35.1108119 61.39045 -7.92977468 -0.482170862 0.870471894 -0.0989441309 5 1 2
-35.3524168 61.8267227 -7.97931749 -0.48201191 0.870579915 -0.0987680589 5 1 2
-35.5939427 62.2630505 -8.02877217 -0.481852927 0.870687877 -0.098591981 5 1 2
-35.8353896 62.6994336 -8.07813873 -0.481693911 0.870795778 -0.0984158972 5 1 2
-36.0767573 63.1358718 -8.12741717 -0.481534863 0.87090362 -0.0982398077 5 1 2
-36.318046 63.5723652 -8.17660749 -0.481375784 0.871011402 -0.0980637125 5 1 2
-36.5592555 64.0089138 -8.22570969 -0.481216672 0.871119125 -0.0978876115 5 1 2
-36.800386 64.4455175 -8.27472377 -0.481057529 0.871226788 -0.0977115049 5 1 2
-37.0414375 64.8821765 -8.32364972 -0.480898354 0.871334391 -0.0975353926 5 1 2
-37.2824098 65.3188906 -8.37248756 -0.480739148 0.871441934 -0.0973592747 5 1 2
-37.523303 65.75566 -8.42123727 -0.480579909 0.871549417 -0.0971831513 5 1 2
-37.7641172 66.1924845 -8.46989886 -0.480420639 0.87165684 -0.0970070223 5 1 2
-38.0048523 66.6293642 -8.51847233 -0.480261337 0.871764204 -0.0968308879 5 1 2
-38.2455083 67.066299 -8.56695768 -0.480102004 0.871871507 -0.096654748 5 1 2
-38.4860853 67.5032891 -8.6153549 -0.479942639 0.871978751 -0.0964786026 5 1 2
-38.7265831 67.9403343 -8.66366401 -0.479783243 0.872085935 -0.0963024519 5 1 2
-38.9670019 68.3774347 -8.71188499 -0.479623815 0.872193059 -0.0961262958 5 1 2
-39.2073416 68.8145903 -8.76001786 -0.479464355 0.872300122 -0.0959501344 5 1 2
-39.4476022 69.2518011 -8.8080626 -0.479304865 0.872407126 -0.0957739678 5 1 2
-39.6877837 69.6890671 -8.85601922 -0.479145342 0.87251407 -0.0955977959 5 1 2
-39.9278862 70.1263882 -8.90388772 -0.478985789 0.872620954 -0.0954216188 5 1 2
-40.1679095 70.5637645 -8.95166809 -0.478826204 0.872727777 -0.0952454365 5 1 2
-40.4078538 71.0011961 -8.99936035 -0.478666587 0.872834541 -0.0950692491 5 1 2
-40.647719 71.4386828 -9.04696448 -0.47850694 0.872941245 -0.0948930566 5 1 2
-40.8875052 71.8762246 -9.0944805 -0.478347261 0.873047888 -0.094716859 5 1 2
-41.1272122 72.3138217 -9.14190839 -0.478187551 0.873154471 -0.0945406564 5 1 2
-41.3668402 72.7514739 -9.18924816 -0.47802781 0.873260994 -0.0943644488 5 1 2
-41.6063891 73.1891814 -9.23649981 -0.477868037 0.873367457 -0.0941882363 5 1 2
-41.8458589 73.626944 -9.28366334 -0.477708234 0.87347386 -0.0940120188 5 1 2
-42.0852496 74.0647618 -9.33073874 -0.477548399 0.873580202 -0.0938357965 5 1 2
-42.3245613 74.5026347 -9.37772603 -0.477388534 0.873686484 -0.0936595693 5 1 2
-42.5637938 74.9405629 -9.42462519 -0.477228637 0.873792706 -0.0934833374 5 1 2
-42.8029473 75.3785462 -9.47143623 -0.477068709 0.873898868 -0.0933071006 5 1 2
-43.0420217 75.8165848 -9.51815915 -0.476908751 0.874004969 -0.0931308591 5 1 2
-43.281017 76.2546785 -9.56479395 -0.476748762 0.87411101 -0.0929546129 5 1 2
-43.5199333 76.6928274 -9.61134063 -0.476588741 0.874216991 -0.0927783621 5 1 2
-43.7587704 77.1310314 -9.65779919 -0.47642869 0.874322911 -0.0926021066 5 1 2
-43.9975285 77.5692907 -9.70416962 -0.476268608 0.874428771 -0.0924258465 5 1 2
-44.2362075 78.0076051 -9.75045194 -0.476108495 0.874534571 -0.0922495819 5 1 2
-44.4748074 78.4459747 -9.79664613 -0.475948352 0.87464031 -0.0920733127 5 1 2
-44.7133283 78.8843995 -9.8427522 -0.475788178 0.874745988 -0.0918970391 5 1 2
-44.95177 79.3228795 -9.88877015 -0.475627973 0.874851607 -0.091720761 5 1 2
-45.1901327 79.7614147 -9.93469998 -0.475467737 0.874957164 -0.0915444785 5 1 2
-45.4284163 80.200005 -9.98054168 -0.475307471 0.875062661 -0.0913681916 5 1 2
-45.6666208 80.6386506 -10.0262953 -0.475147174 0.875168098 -0.0911919004 5 1 2
-45.9047463 81.0773513 -10.0719607 -0.474986847 0.875273474 -0.0910156049 5 1 2
-46.1427926 81.5161072 -10.1175381 -0.47482649 0.87537879 -0.0908393051 5 1 2
-46.3807599 81.9549183 -10.1630273 -0.474666101 0.875484045 -0.0906630011 5 1 2
-46.6186481 82.3937845 -10.2084284 -0.474505683 0.875589239 -0.0904866929 5 1 2
-46.8564572 82.832706 -10.2537414 -0.474345234 0.875694373 -0.0903103806 5 1 2
-47.0941873 83.2716826 -10.2989662 -0.474184754 0.875799446 -0.0901340641 5 1 2
-47.3318382 83.7107144 -10.344103 -0.474024244 0.875904458 -0.0899577435 5 1 2
-47.5694101 84.1498014 -10.3891516 -0.473863704 0.87600941 -0.0897814189 5 1 2
-47.8069029 84.5889436 -10.4341121 -0.473703134 0.876114301 -0.0896050902 5 1 2
-48.0443166 85.028141 -10.4789844 -0.473542533 0.876219132 -0.0894287576 5 1 2
-48.2816512 85.4673935 -10.5237687 -0.473381903 0.876323901 -0.089252421 5 1 2
-48.5189068 85.9067012 -10.5684648 -0.473221242 0.87642861 -0.0890760806 5 1 2
-48.7560832 86.3460641 -10.6130728 -0.47306055 0.876533258 -0.0888997362 5 1 2
-48.9931806 86.7854822 -10.6575927 -0.472899829 0.876637845 -0.088723388 5 1 2
-49.2301989 87.2249555 -10.7020245 -0.472739078 0.876742372 -0.0885470361 5 1 2
-49.4671382 87.664484 -10.7463681 -0.472578297 0.876846837 -0.0883706803 5 1 2
-49.7039983 88.1040676 -10.7906236 -0.472417485 0.876951242 -0.0881943209 5 1 2
-49.9407794 88.5437064 -10.834791 -0.472256644 0.877055586 -0.0880179577 5 1 2
-50.1774814 88.9834004 -10.8788703 -0.472095773 0.877159869 -0.0878415909 5 1 2
-50.4141043 89.4231496 -10.9228615 -0.471934872 0.877264091 -0.0876652205 5 1 2
-50.6506481 89.862954 -10.9667645 -0.471773941 0.877368252 -0.0874888465 5 1 2
-50.8871129 90.3028135 -11.0105794 -0.47161298 0.877472353 -0.0873124689 5 1 2
-51.1234985 90.7427283 -11.0543062 -0.471451989 0.877576392 -0.0871360879 5 1 2
-51.3598051 91.1826982 -11.0979449 -0.471290969 0.87768037 -0.0869597033 5 1 2
-51.5960326 91.6227233 -11.1414955 -0.471129919 0.877784288 -0.0867833154 5 1 2
-51.832181 92.0628036 -11.1849579 -0.470968839 0.877888144 -0.086606924 5 1 2
-52.0682504 92.502939 -11.2283322 -0.47080773 0.877991939 -0.0864305293 5 1 2
-52.3042406 92.9431297 -11.2716184 -0.470646591 0.878095673 -0.0862541312 5 1 2
-52.5401518 93.3833755 -11.3148164 -0.470485422 0.878199346 -0.0860777298 5 1 2
-52.7759839 93.8236765 -11.3579264 -0.470324224 0.878302958 -0.0859013252 5 1 2
-53.011737 94.2640327 -11.4009482 -0.470162996 0.878406509 -0.0857249174 5 1 2
-53.2474109 94.7044441 -11.4438819 -0.470001739 0.878509999 -0.0855485063 5 1 2
-53.4830058 95.1449107 -11.4867275 -0.469840452 0.878613428 -0.0853720922 5 1 2
-53.7185215 95.5854324 -11.529485 -0.469679136 0.878716795 -0.0851956749 5 1 2
-53.9539582 96.0260093 -11.5721543 -0.469517791 0.878820101 -0.0850192545 5 1 2
-54.1893159 96.4666414 -11.6147355 -0.469356416 0.878923346 -0.0848428311 5 1 2
-54.4245944 96.9073287 -11.6572286 -0.469195012 0.87902653 -0.0846664047 5 1 2
-54.6597939 97.3480712 -11.6996336 -0.469033578 0.879129653 -0.0844899754 5 1 2
-54.8949142 97.7888689 -11.7419504 -0.468872115 0.879232714 -0.084313543 5 1 2
-55.1299555 98.2297217 -11.7841792 -0.468710624 0.879335714 -0.0841371078 5 1 2
-55.3649177 98.6706297 -11.8263198 -0.468549102 0.879438653 -0.0839606698 5 1 2
-55.5998009 99.1115929 -11.8683722 -0.468387552 0.879541531 -0.0837842289 5 1 2
-55.8346049 99.5526113 -11.9103366 -0.468225973 0.879644347 -0.0836077852 5 1 2
-56.0693299 99.9936849 -11.9522129 -0.468064364 0.879747101 -0.0834313388 5 1 2
-56.3039758 100.434814 -11.994001 -0.467902727 0.879849795 -0.0832548897 5 1 2
-56.5385426 100.875998 -12.035701 -0.46774106 0.879952427 -0.0830784379 5 1 2
4.21493706e-16 0 3.16120279e-16 -0.50440174 0.854538026 -0.123869478 5 2 2
-0.252834416 0.428436731 -0.0620560411 -0.504247652 0.854654287 -0.1236946 5 2 2
-0.505589751 0.856928646 -0.124023961 -0.504093528 0.854770493 -0.123519711 5 2 2
-0.758266005 1.28547574 -0.185903759 -0.503939367 0.854886642 -0.123344812 5 2 2
-1.01086318 1.71407802 -0.247695436 -0.50378517 0.855002735 -0.123169901 5 2 2
-1.26338127 2.14273548 -0.309398992 -0.503630937 0.855118772 -0.12299498 5 2 2
-1.51582029 2.57144813 -0.371014426 -0.503476667 0.855234752 -0.122820048 5 2 2
-1.76818022 3.00021596 -0.432541739 -0.503322361 0.855350676 -0.122645105 5 2 2
-2.02046107 3.42903897 -0.49398093 -0.503168019 0.855466543 -0.122470152 5 2 2
-2.27266284 3.85791716 -0.555332 -0.503013641 0.855582354 -0.122295188 5 2 2
-2.52478553 4.28685054 -0.616594949 -0.502859226 0.855698108 -0.122120213 5 2 2
-2.77682914 4.71583909 -0.677769776 -0.502704775 0.855813806 -0.121945228 5 2 2
-3.02879367 5.14488284 -0.738856482 -0.502550288 0.855929447 -0.121770232 5 2 2
-3.28067912 5.57398176 -0.799855067 -0.502395765 0.856045032 -0.121595225 5 2 2
-3.53248549 6.00313587 -0.86076553 -0.502241206 0.85616056 -0.121420208 5 2 2
-3.78421278 6.43234516 -0.921587872 -0.502086611 0.856276031 -0.121245181 5 2 2
-4.03586099 6.86160963 -0.982322092 -0.50193198 0.856391446 -0.121070143 5 2 2
-4.28743011 7.29092928 -1.04296819 -0.501777312 0.856506804 -0.120895095 5 2 2
-4.53892016 7.72030412 -1.10352617 -0.501622609 0.856622105 -0.120720037 5 2 2
-4.79033113 8.14973414 -1.16399602 -0.50146787 0.856737349 -0.120544968 5 2 2
-5.04166301 8.57921934 -1.22437776 -0.501313095 0.856852537 -0.120369889 5 2 2
-5.29291582 9.00875973 -1.28467137 -0.501158285 0.856967668 -0.120194799 5 2 2
-5.54408954 9.4383553 -1.34487687 -0.501003438 0.857082742 -0.1200197 5 2 2
-5.79518419 9.86800605 -1.40499424 -0.500848556 0.857197759 -0.11984459 5 2 2
-6.04619975 10.297712 -1.46502349 -0.500693637 0.85731272 -0.11966947 5 2 2
-6.29713623 10.7274731 -1.52496461 -0.500538684 0.857427623 -0.11949434 5 2 2
-6.54799363 11.1572894 -1.58481762 -0.500383694 0.85754247 -0.1193192 5 2 2
-6.79877196 11.5871609 -1.64458251 -0.500228669 0.857657259 -0.11914405 5 2 2
-7.0494712 12.0170875 -1.70425927 -0.500073608 0.857771992 -0.11896889 5 2 2
-7.30009136 12.4470694 -1.76384791 -0.499918511 0.857886668 -0.11879372 5 2 2
-7.55063244 12.8771064 -1.82334843 -0.499763379 0.858001286 -0.11861854 5 2 2
-7.80109444 13.3071986 -1.88276083 -0.499608211 0.858115848 -0.11844335 5 2 2
-8.05147736 13.737346 -1.94208511 -0.499453008 0.858230352 -0.11826815 5 2 2
-8.3017812 14.1675486 -2.00132127 -0.499297769 0.8583448 -0.118092941 5 2 2
-8.55200595 14.5978064 -2.0604693 -0.499142495 0.85845919 -0.117917722 5 2 2
-8.80215163 15.0281193 -2.11952922 -0.498987185 0.858573523 -0.117742493 5 2 2
-9.05221823 15.4584874 -2.17850101 -0.49883184 0.858687799 -0.117567254 5 2 2
-9.30220575 15.8889107 -2.23738468 -0.49867646 0.858802018 -0.117392005 5 2 2
-9.55211418 16.3193892 -2.29618023 -0.498521044 0.858916179 -0.117216747 5 2 2
-9.80194354 16.7499229 -2.35488766 -0.498365593 0.859030283 -0.11704148 5 2 2
-11.2079031 -16.3596746 2.92187596 -0.5529265 -0.820758605 0.143623112 5 1 3
-11.4848355 -16.7709232 2.99380275 -0.552614668 -0.820987389 0.143515632 5 1 3
-11.7616085 -17.1822818 3.0656749 -0.55230274 -0.821216045 0.143408126 5 1 3
-12.0382224 -17.5937506 3.13749241 -0.551990716 -0.821444574 0.143300595 5 1 3
-12.3146769 -18.0053294 3.20925528 -0.551678597 -0.821672976 0.143193039 5 1 3
-12.5909722 -18.4170183 3.28096352 -0.551366382 -0.82190125 0.143085458 5 1 3
-12.8671081 -18.8288173 3.35261711 -0.551054072 -0.822129396 0.142977851 5 1 3
-13.1430848 -19.2407264 3.42421607 -0.550741667 -0.822357414 0.142870219 5 1 3
-13.4189023 -19.6527455 3.49576038 -0.550429167 -0.822585304 0.142762562 5 1 3
-13.6945604 -20.0648748 3.56725006 -0.550116572 -0.822813066 0.142654879 5 1 3
-13.9700593 -20.4771141 3.63868509 -0.549803883 -0.8230407 0.142547172 5 1 3
-14.2453989 -20.8894635 3.71006549 -0.549491098 -0.823268206 0.14243944 5 1 3
-14.5205792 -21.301923 3.78139125 -0.54917822 -0.823495583 0.142331682 5 1 3
-14.7956002 -21.7144926 3.85266236 -0.548865247 -0.823722832 0.1422239 5 1 3
-15.070462 -22.1271722 3.92387884 -0.54855218 -0.823949951 0.142116093 5 1 3
-15.3451645 -22.539962 3.99504068 -0.548239019 -0.824176942 0.142008261 5 1 3
-15.6197077 -22.9528618 4.06614788 -0.547925764 -0.824403804 0.141900404 5 1 3
-15.8940916 -23.3658717 4.13720044 -0.547612415 -0.824630537 0.141792522 5 1 3
-16.1683162 -23.7789917 4.20819836 -0.547298973 -0.824857141 0.141684616 5 1 3
-16.4423816 -24.1922218 4.27914164 -0.546985438 -0.825083616 0.141576685 5 1 3
-16.7162877 -24.605562 4.35003028 -0.546671809 -0.825309961 0.14146873 5 1 3
-16.9900345 -25.0190122 4.42086428 -0.546358087 -0.825536177 0.14136075 5 1 3
-17.263622 -25.4325725 4.49164365 -0.546044272 -0.825762263 0.141252746 5 1 3
-17.5370503 -25.8462429 4.56236837 -0.545730365 -0.825988219 0.141144717 5 1 3
-17.8103192 -26.2600234 4.63303845 -0.545416364 -0.826214045 0.141036664 5 1 3
-18.0834289 -26.673914 4.7036539 -0.545102272 -0.826439742 0.140928587 5 1 3
-18.3563793 -27.0879147 4.7742147 -0.544788086 -0.826665308 0.140820485 5 1 3
-18.6291705 -27.5020254 4.84472087 -0.544473809 -0.826890744 0.140712359 5 1 3
-18.9018023 -27.9162462 4.9151724 -0.54415944 -0.82711605 0.140604209 5 1 3
-19.1742749 -28.3305772 4.98556928 -0.543844978 -0.827341226 0.140496035 5 1 3
-19.4465882 -28.7450182 5.05591153 -0.543530425 -0.827566271 0.140387837 5 1 3
-19.7187423 -29.1595692 5.12619914 -0.543215781 -0.827791185 0.140279614 5 1 3
-19.990737 -29.5742304 5.19643211 -0.542901044 -0.828015968 0.140171368 5 1 3
-20.2625725 -29.9890016 5.26661044 -0.542586217 -0.828240621 0.140063098 5 1 3
-20.5342487 -30.403883 5.33673413 -0.542271298 -0.828465142 0.139954804 5 1 3
-20.8057656 -30.8188744 5.40680318 -0.541956289 -0.828689533 0.139846487 5 1 3
-21.0771232 -31.2339759 5.47681759 -0.541641188 -0.828913792 0.139738145 5 1 3
-21.3483216 -31.6491875 5.54677736 -0.541325997 -0.82913792 0.13962978 5 1 3
-21.6193606 -32.0645091 5.61668249 -0.541010715 -0.829361916 0.139521391 5 1 3
-21.8902404 -32.4799409 5.68653298 -0.540695343 -0.829585781 0.139412979 5 1 3
-22.160961 -32.8954827 5.75632884 -0.54037988 -0.829809514 0.139304543 5 1 3
-22.4315222 -33.3111346 5.82607005 -0.540064328 -0.830033115 0.139196084 5 1 3
-22.7019242 -33.7268966 5.89575663 -0.539748685 -0.830256585 0.139087601 5 1 3
-22.9721669 -34.1427687 5.96538856 -0.539432952 -0.830479922 0.138979095 5 1 3
-23.2422503 -34.5587509 6.03496586 -0.53911713 -0.830703127 0.138870565 5 1 3
-23.5121744 -34.9748431 6.10448851 -0.538801219 -0.8309262 0.138762012 5 1 3
-23.7819392 -35.3910454 6.17395653 -0.538485218 -0.831149141 0.138653436 5 1 3
-24.0515448 -35.8073578 6.24336991 -0.538169127 -0.831371949 0.138544837 5 1 3
-24.3209911 -36.2237803 6.31272864 -0.537852948 -0.831594625 0.138436215 5 1 3
-24.5902781 -36.6403129 6.38203274 -0.53753668 -0.831817168 0.138327569 5 1 3
-24.8594059 -37.0569556 6.4512822 -0.537220323 -0.832039578 0.138218901 5 1 3
-25.1283743 -37.4737083 6.52047702 -0.536903877 -0.832261856 0.13811021 5 1 3
-25.3971835 -37.8905712 6.5896172 -0.536587343 -0.832484 0.138001495 5 1 3
-25.6658334 -38.3075441 6.65870274 -0.536270721 -0.832706011 0.137892758 5 1 3
-25.934324 -38.7246271 6.72773364 -0.53595401 -0.832927889 0.137783998 5 1 3
-26.2026554 -39.1418202 6.7967099 -0.535637212 -0.833149634 0.137675216 5 1 3
-26.4708275 -39.5591233 6.86563153 -0.535320326 -0.833371245 0.13756641 5 1 3
-26.7388403 -39.9765366 6.93449851 -0.535003352 -0.833592722 0.137457582 5 1 3
-27.0066938 -40.3940599 7.00331085 -0.53468629 -0.833814066 0.137348731 5 1 3
-27.274388 -40.8116933 7.07206856 -0.534369141 -0.834035277 0.137239858 5 1 3
-27.541923 -41.2294368 7.14077162 -0.534051905 -0.834256353 0.137130963 5 1 3
-27.8092986 -41.6472904 7.20942005 -0.533734581 -0.834477295 0.137022044 5 1 3
-28.076515 -42.0652541 7.27801383 -0.533417171 -0.834698103 0.136913104 5 1 3
-28.3435722 -42.4833278 7.34655298 -0.533099674 -0.834918777 0.136804141 5 1 3
-28.61047 -42.9015116 7.41503749 -0.53278209 -0.835139317 0.136695156 5 1 3
-28.8772086 -43.3198056 7.48346735 -0.53246442 -0.835359722 0.136586148 5 1 3
-29.1437879 -43.7382096 7.55184258 -0.532146664 -0.835579993 0.136477119 5 1 3
-29.4102079 -44.1567236 7.62016317 -0.531828821 -0.835800129 0.136368067 5 1 3
-29.6764686 -44.5753478 7.68842912 -0.531510892 -0.83602013 0.136258993 5 1 3
-29.94257 -44.9940821 7.75664043 -0.531192878 -0.836239997 0.136149898 5 1 3
-30.2085122 -45.4129264 7.8247971 -0.530874777 -0.836459728 0.13604078 5 1 3
-30.4742951 -45.8318808 7.89289913 -0.530556592 -0.836679325 0.13593164 5 1 3
-30.7399187 -46.2509453 7.96094652 -0.53023832 -0.836898786 0.135822479 5 1 3
-31.0053831 -46.6701199 8.02893927 -0.529919964 -0.837118112 0.135713295 5 1 3
-31.2706881 -47.0894046 8.09687739 -0.529601522 -0.837337303 0.13560409 5 1 3
-31.5358339 -47.5087993 8.16476086 -0.529282996 -0.837556358 0.135494863 5 1 3
-31.8008204 -47.9283041 8.23258969 -0.528964384 -0.837775277 0.135385615 5 1 3
-32.0656476 -48.3479191 8.30036389 -0.528645689 -0.837994061 0.135276345 5 1 3
-32.3303156 -48.7676441 8.36808344 -0.528326908 -0.838212709 0.135167053 5 1 3
-32.5948243 -49.1874791 8.43574836 -0.528008043 -0.838431221 0.13505774 5 1 3
-32.8591737 -49.6074243 8.50335864 -0.527689095 -0.838649597 0.134948406 5 1 3
-33.1233638 -50.0274796 8.57091427 -0.527370062 -0.838867837 0.13483905 5 1 3
-33.3873946 -50.4476449 8.63841527 -0.527050945 -0.839085941 0.134729673 5 1 3
-33.6512662 -50.8679203 8.70586163 -0.526731744 -0.839303909 0.134620274 5 1 3
-33.9149784 -51.2883058 8.77325335 -0.526412461 -0.83952174 0.134510854 5 1 3
-34.1785314 -51.7088014 8.84059043 -0.526093093 -0.839739434 0.134401414 5 1 3
-34.4419252 -52.1294071 8.90787287 -0.525773643 -0.839956992 0.134291952 5 1 3
-34.7051596 -52.5501228 8.97510067 -0.525454109 -0.840174413 0.134182468 5 1 3
-34.9682348 -52.9709487 9.04227383 -0.525134492 -0.840391697 0.134072964 5 1 3
-35.2311507 -53.3918846 9.10939235 -0.524814793 -0.840608845 0.133963439 5 1 3
-35.4939073 -53.8129306 9.17645623 -0.524495011 -0.840825855 0.133853893 5 1 3
-35.7565046 -54.2340867 9.24346547 -0.524175147 -0.841042728 0.133744327 5 1 3
-36.0189427 -54.6553528 9.31042008 -0.5238552 -0.841259464 0.133634739 5 1 3
-36.2812214 -55.0767291 9.37732004 -0.523535171 -0.841476063 0.133525131 5 1 3
-36.5433409 -55.4982154 9.44416536 -0.52321506 -0.841692524 0.133415502 5 1 3
-36.8053011 -55.9198118 9.51095605 -0.522894868 -0.841908847 0.133305852 5 1 3
-37.0671021 -56.3415183 9.57769209 -0.522574593 -0.842125033 0.133196182 5 1 3
-37.3287437 -56.7633349 9.6443735 -0.522254238 -0.842341081 0.133086491 5 1 3
-37.5902261 -57.1852616 9.71100027 -0.5219338 -0.842556992 0.13297678 5 1 3
-37.8515492 -57.6072984 9.77757239 -0.521613282 -0.842772764 0.132867048 5 1 3
-38.1127131 -58.0294452 9.84408988 -0.521292683 -0.842988398 0.132757296 5 1 3
-38.3737176 -58.4517021 9.91055273 -0.520972002 -0.843203894 0.132647524 5 1 3
-38.6345629 -58.8740691 9.97696094 -0.520651241 -0.843419252 0.132537731 5 1 3
-38.8952489 -59.2965462 10.0433145 -0.5203304 -0.843634472 0.132427918 5 1 3
-39.1557756 -59.7191334 10.1096134 -0.520009478 -0.843849553 0.132318085 5 1 3
-39.416143 -60.1418306 10.1758577 -0.519688476 -0.844064495 0.132208232 5 1 3
-39.6763512 -60.564638 10.2420474 -0.519367393 -0.844279299 0.132098359 5 1 3
-39.9364001 -60.9875554 10.3081824 -0.519046231 -0.844493964 0.131988466 5 1 3
-40.1962897 -61.4105829 10.3742628 -0.518724989 -0.84470849 0.131878553 5 1 3
-40.45602 -61.8337205 10.4402885 -0.518403668 -0.844922877 0.13176862 5 1 3
-40.715591 -62.2569681 10.5062596 -0.518082267 -0.845137125 0.131658667 5 1 3
-40.9750028 -62.6803259 10.572176 -0.517760786 -0.845351234 0.131548694 5 1 3
-41.2342553 -63.1037937 10.6380379 -0.517439227 -0.845565204 0.131438702 5 1 3
-41.4933485 -63.5273717 10.703845 -0.517117588 -0.845779034 0.13132869 5 1 3
-41.7522824 -63.9510597 10.7695976 -0.516795871 -0.845992725 0.131218659 5 1 3
-42.0110571 -64.3748577 10.8352955 -0.516474075 -0.846206277 0.131108607 5 1 3
-42.2696724 -64.7987659 10.9009387 -0.516152201 -0.846419689 0.130998537 5 1 3
-42.5281285 -65.2227842 10.9665273 -0.515830248 -0.846632961 0.130888447 5 1 3
-42.7864254 -65.6469125 11.0320613 -0.515508217 -0.846846093 0.130778337 5 1 3
-43.0445629 -66.0711509 11.0975407 -0.515186108 -0.847059085 0.130668208 5 1 3
-43.3025412 -66.4954994 11.1629654 -0.514863921 -0.847271937 0.13055806 5 1 3
-43.5603601 -66.919958 11.2283354 -0.514541656 -0.847484649 0.130447893 5 1 3
-43.8180198 -67.3445267 11.2936508 -0.514219314 -0.847697221 0.130337706 5 1 3
-44.0755203 -67.7692055 11.3589116 -0.513896895 -0.847909653 0.130227501 5 1 3
-44.3328614 -68.1939943 11.4241178 -0.513574398 -0.848121944 0.130117276 5 1 3
-44.5900433 -68.6188932 11.4892693 -0.513251824 -0.848334095 0.130007032 5 1 3
-44.8470659 -69.0439022 11.5543661 -0.512929174 -0.848546105 0.12989677 5 1 3
-45.1039292 -69.4690213 11.6194083 -0.512606446 -0.848757974 0.129786488 5 1 3
-45.3606332 -69.8942505 11.6843959 -0.512283642 -0.848969703 0.129676188 5 1 3
-45.617178 -70.3195897 11.7493289 -0.511960762 -0.849181291 0.129565868 5 1 3
-45.8735635 -70.7450391 11.8142072 -0.511637805 -0.849392737 0.12945553 5 1 3
-46.1297897 -71.1705985 11.8790308 -0.511314772 -0.849604043 0.129345174 5 1 3
-46.3858566 -71.596268 11.9437999 -0.510991664 -0.849815207 0.129234798 5 1 3
-46.6417642 -72.0220476 12.0085143 -0.510668479 -0.850026231 0.129124404 5 1 3
-46.8975126 -72.4479373 12.073174 -0.510345219 -0.850237112 0.129013992 5 1 3
-47.1531017 -72.873937 12.1377791 -0.510021883 -0.850447853 0.128903561 5 1 3
-47.4085315 -73.3000469 12.2023296 -0.509698473 -0.850658452 0.128793112 5 1 3
-47.663802 -73.7262668 12.2668254 -0.509374987 -0.850868909 0.128682644 5 1 3
-47.9189133 -74.1525968 12.3312666 -0.509051426 -0.851079224 0.128572158 5 1 3
-48.1738653 -74.5790369 12.3956532 -0.50872779 -0.851289398 0.128461654 5 1 3
-48.428658 -75.0055871 12.4599851 -0.50840408 -0.85149943 0.128351131 5 1 3
-48.6832914 -75.4322473 12.5242623 -0.508080295 -0.85170932 0.128240591 5 1 3
-48.9377655 -75.8590177 12.588485 -0.507756435 -0.851919067 0.128130032 5 1 3
-49.1920804 -76.2858981 12.652653 -0.507432502 -0.852128673 0.128019455 5 1 3
-49.446236 -76.7128886 12.7167663 -0.507108495 -0.852338136 0.127908861 5 1 3
-49.7002323 -77.1399892 12.780825 -0.506784413 -0.852547457 0.127798248 5 1 3
-49.9540693 -77.5671999 12.8448291 -0.506460258 -0.852756635 0.127687617 5 1 3
-50.207747 -77.9945206 12.9087785 -0.50613603 -0.852965671 0.127576969 5 1 3
-50.4612655 -78.4219515 12.9726733 -0.505811728 -0.853174564 0.127466303 5 1 3
-50.7146247 -78.8494924 13.0365135 -0.505487353 -0.853383315 0.127355619 5 1 3
-50.9678246 -79.2771434 13.100299 -0.505162905 -0.853591922 0.127244918 5 1 3
-51.2208653 -79.7049045 13.1640299 -0.504838385 -0.853800387 0.127134199 5 1 3
-51.4737466 -80.1327757 13.2277061 -0.504513791 -0.854008709 0.127023462 5 1 3
-51.7264687 -80.5607569 13.2913277 -0.504189125 -0.854216887 0.126912708 5 1 3
-51.9790315 -80.9888483 13.3548947 -0.503864386 -0.854424923 0.126801937 5 1 3
-52.231435 -81.4170497 13.418407 -0.503539576 -0.854632815 0.126691148 5 1 3
-52.4836793 -81.8453612 13.4818647 -0.503214693 -0.854840564 0.126580342 5 1 3
-52.7357642 -82.2737828 13.5452677 -0.502889739 -0.855048169 0.126469518 5 1 3
-52.9876899 -82.7023145 13.6086161 -0.502564712 -0.855255631 0.126358678 5 1 3
-53.2394563 -83.1309562 13.6719099 -0.502239614 -0.855462949 0.12624782 5 1 3
-53.4910635 -83.5597081 13.735149 -0.501914445 -0.855670124 0.126136945 5 1 3
-53.7425113 -83.98857 13.7983335 -0.501589205 -0.855877155 0.126026053 5 1 3
-53.9937999 -84.417542 13.8614633 -0.501263893 -0.856084041 0.125915144 5 1 3
-54.2449292 -84.8466241 13.9245385 -0.500938511 -0.856290784 0.125804218 5 1 3
-54.4958992 -85.2758163 13.9875591 -0.500613057 -0.856497383 0.125693275 5 1 3
-54.7467099 -85.7051185 14.050525 -0.500287534 -0.856703838 0.125582316 5 1 3
-54.9973614 -86.1345309 14.1134363 -0.49996194 -0.856910148 0.125471339 5 1 3
-55.2478536 -86.5640533 14.1762929 -0.499636275 -0.857116314 0.125360346 5 1 3
-55.4981865 -86.9936858 14.239095 -0.499310541 -0.857322336 0.125249337 5 1 3
-55.7483601 -87.4234284 14.3018423 -0.498984736 -0.857528213 0.12513831 5 1 3
-55.9983745 -87.8532811 14.3645351 -0.498658862 -0.857733946 0.125027267 5 1 3
-56.2482295 -88.2832439 14.4271731 -0.498332918 -0.857939534 0.124916208 5 1 3
-56.4979253 -88.7133167 14.4897566 -0.498006905 -0.858144977 0.124805132 5 1 3
-56.7474619 -89.1434996 14.5522854 -0.497680823 -0.858350275 0.12469404 5 1 3
-56.9968391 -89.5737926 14.6147596 -0.497354671 -0.858555429 0.124582932 5 1 3
-57.246057 -90.0041957 14.6771791 -0.497028451 -0.858760437 0.124471807 5 1 3
-57.4951157 -90.4347089 14.739544 -0.496702161 -0.858965301 0.124360666 5 1 3
-57.7440151 -90.8653322 14.8018542 -0.496375804 -0.859170019 0.124249509 5 1 3
-57.9927553 -91.2960655 14.8641099 -0.496049377 -0.859374592 0.124138335 5 1 3
-58.2413361 -91.7269089 14.9263108 -0.495722883 -0.859579019 0.124027146 5 1 3
-58.4897577 -92.1578625 14.9884572 -0.49539632 -0.859783302 0.123915941 5 1 3
-58.73802 -92.5889261 15.0505489 -0.49506969 -0.859987438 0.12380472 5 1 3
-58.986123 -93.0200997 15.1125859 -0.494742991 -0.860191429 0.123693483 5 1 3
-59.2340667 -93.4513835 15.1745683 -0.494416225 -0.860395275 0.12358223 5 1 3
-59.4818511 -93.8827773 15.2364961 -0.494089392 -0.860598974 0.123470961 5 1 3
-59.7294763 -94.3142813 15.2983692 -0.493762491 -0.860802528 0.123359677 5 1 3
-59.9769422 -94.7458953 15.3601877 -0.493435523 -0.861005936 0.123248376 5 1 3
-60.2242488 -95.1776194 15.4219516 -0.493108489 -0.861209198 0.123137061 5 1 3
-60.4713962 -95.6094536 15.4836608 -0.492781387 -0.861412314 0.12302573 5 1 3
-60.7183842 -96.0413978 15.5453154 -0.492454219 -0.861615283 0.122914383 5 1 3
-60.965213 -96.4734522 15.6069153 -0.492126985 -0.861818107 0.122803021 5 1 3
-61.2118825 -96.9056166 15.6684606 -0.491799684 -0.862020784 0.122691643 5 1 3
-61.4583928 -97.3378911 15.7299513 -0.491472317 -0.862223315 0.12258025 5 1 3
-61.7047437 -97.7702757 15.7913873 -0.491144884 -0.862425699 0.122468842 5 1 3
-61.9509354 -98.2027704 15.8527687 -0.490817385 -0.862627936 0.122357419 5 1 3
-62.1969678 -98.6353752 15.9140954 -0.490489821 -0.862830027 0.12224598 5 1 3
-62.4428409 -99.06809 15.9753675 -0.490162191 -0.863031971 0.122134527 5 1 3
-4.21312476e-16 -8.42624952e-16 0 -0.565319521 -0.81150427 0.147900842 5 2 3
-0.283303503 -0.406845238 0.0741123677 -0.565011641 -0.811738046 0.147794422 5 2 3
-0.566447727 -0.813800559 0.148170096 -0.564703659 -0.811971699 0.147687975 5 2 3
-0.849432674 -1.22086596 0.222173185 -0.564395576 -0.812205229 0.1475815 5 2 3
-1.13225834 -1.62804145 0.296121634 -0.564087392 -0.812438637 0.147474998 5 2 3
-1.41492473 -2.03532702 0.370015444 -0.563779106 -0.812671923 0.147368468 5 2 3
-1.69743184 -2.44272268 0.443854615 -0.56347072 -0.812905085 0.147261911 5 2 3
-1.97977968 -2.85022842 0.517639146 -0.563162233 -0.813138124 0.147155328 5 2 3
-2.26196823 -3.25784424 0.591369038 -0.562853645 -0.813371041 0.147048716 5 2 3
-2.54399751 -3.66557014 0.66504429 -0.562544956 -0.813603834 0.146942078 5 2 3
-2.82586751 -4.07340613 0.738664903 -0.562236167 -0.813836503 0.146835413 5 2 3
-3.10757823 -4.4813522 0.812230877 -0.561927278 -0.814069049 0.146728721 5 2 3
-3.38912967 -4.88940836 0.885742211 -0.561618289 -0.814301472 0.146622001 5 2 3
-3.67052183 -5.2975746 0.959198905 -0.561309199 -0.81453377 0.146515255 5 2 3
-3.95175472 -5.70585092 1.03260096 -0.56100001 -0.814765945 0.146408482 5 2 3
-4.23282833 -6.11423733 1.10594838 -0.560690721 -0.814997996 0.146301682 5 2 3
-4.51374266 -6.52273382 1.17924115 -0.560381332 -0.815229922 0.146194855 5 2 3
-4.79449771 -6.93134039 1.25247929 -0.560071844 -0.815461725 0.146088002 5 2 3
-5.07509348 -7.34005705 1.32566279 -0.559762257 -0.815693403 0.145981122 5 2 3
-5.35552997 -7.74888379 1.39879165 -0.559452571 -0.815924956 0.145874215 5 2 3
-5.63580719 -8.15782061 1.47186586 -0.559142785 -0.816156385 0.145767282 5 2 3
-5.91592513 -8.56686751 1.54488544 -0.558832901 -0.816387689 0.145660322 5 2 3
-6.19588379 -8.9760245 1.61785038 -0.558522918 -0.816618869 0.145553336 5 2 3
-6.47568317 -9.38529158 1.69076068 -0.558212836 -0.816849923 0.145446323 5 2 3
-6.75532327 -9.79466874 1.76361634 -0.557902656 -0.817080852 0.145339284 5 2 3
-7.0348041 -10.204156 1.83641737 -0.557592377 -0.817311656 0.145232219 5 2 3
-7.31412564 -10.6137533 1.90916375 -0.557282001 -0.817542335 0.145125127 5 2 3
-7.59328791 -11.0234607 1.98185549 -0.556971526 -0.817772888 0.145018009 5 2 3
-7.8722909 -11.4332782 2.05449259 -0.556660953 -0.818003315 0.144910865 5 2 3
-8.15113461 -11.8432058 2.12707506 -0.556350283 -0.818233617 0.144803695 5 2 3
-8.42981905 -12.2532434 2.19960288 -0.556039515 -0.818463793 0.144696498 5 2 3
-8.7083442 -12.6633912 2.27207607 -0.55572865 -0.818693843 0.144589276 5 2 3
-8.98671008 -13.073649 2.34449461 -0.555417687 -0.818923767 0.144482028 5 2 3
-9.26491668 -13.4840169 2.41685852 -0.555106627 -0.819153565 0.144374753 5 2 3
-9.542964 -13.8944949 2.48916779 -0.554795471 -0.819383236 0.144267453 5 2 3
-9.82085204 -14.305083 2.56142241 -0.554484217 -0.819612781 0.144160127 5 2 3
-10.0985808 -14.7157811 2.6336224 -0.554172866 -0.8198422 0.144052775 5 2 3
-10.3761503 -15.1265894 2.70576775 -0.553861419 -0.820071491 0.143945398 5 2 3
-10.6535605 -15.5375077 2.77785846 -0.553549876 -0.820300656 0.143837995 5 2 3
-10.9308114 -15.9485361 2.84989453 -0.553238236 -0.820529694 0.143730566 5 2 3
