-150.553107 -6.42423784 0.150825437 0.993431089 0.114405927 -0.00244040641 5 1 1
-150.067145 -6.36893664 0.149638383 0.993735844 0.111728455 -0.00241359074 5 1 1
-149.580824 -6.3149142 0.148463913 0.99403012 0.109079892 -0.00238683834 5 1 1
-149.094145 -6.26215732 0.147302003 0.994314157 0.106460258 -0.00236014996 5 1 1
-148.607112 -6.21065279 0.14615263 0.99458819 0.103869563 -0.00233352634 5 1 1
-148.119729 -6.1603874 0.145015769 0.994852453 0.101307819 -0.00230696819 5 1 1
-147.631998 -6.11134794 0.143891396 0.995107176 0.0987750331 -0.00228047616 5 1 1
-147.143923 -6.0635212 0.142779488 0.995352588 0.0962712083 -0.00225405089 5 1 1
-146.655506 -6.01689398 0.14168002 0.995588913 0.0937963459 -0.00222769298 5 1 1
-146.166751 -5.97145306 0.140592968 0.995816374 0.091350444 -0.00220140301 5 1 1
-145.677662 -5.92718524 0.139518309 0.996035191 0.0889334981 -0.00217518152 5 1 1
-145.18824 -5.88407731 0.138456019 0.996245581 0.0865455009 -0.00214902903 5 1 1
-144.698489 -5.84211606 0.137406073 0.996447759 0.0841864429 -0.00212294601 5 1 1
-144.208413 -5.80128829 0.136368447 0.996641935 0.0818563117 -0.00209693293 5 1 1
-143.718014 -5.76158078 0.135343118 0.996828319 0.079555093 -0.0020709902 5 1 1
-143.227296 -5.72298033 0.134330062 0.997007117 0.0772827701 -0.00204511824 5 1 1
-142.736261 -5.68547372 0.133329255 0.997178531 0.075039324 -0.00201931741 5 1 1
-142.244913 -5.64904775 0.132340672 0.997342761 0.0728247338 -0.00199358806 5 1 1
-141.753256 -5.61368922 0.13136429 0.997500006 0.0706389768 -0.00196793051 5 1 1
-141.261291 -5.57938491 0.130400084 0.997650459 0.0684820281 -0.00194234506 5 1 1
-140.769023 -5.54612161 0.129448032 0.997794313 0.0663538612 -0.00191683198 5 1 1
-140.276454 -5.51388612 0.128508108 0.997931755 0.0642544479 -0.00189139151 5 1 1
-139.783587 -5.48266523 0.127580289 0.998062973 0.0621837583 -0.00186602389 5 1 1
-139.290426 -5.45244573 0.126664551 0.998188149 0.060141761 -0.00184072931 5 1 1
-138.796974 -5.42321441 0.12576087 0.998307463 0.0581284232 -0.00181550794 5 1 1
-138.303234 -5.39495806 0.124869222 0.998421093 0.0561437106 -0.00179035995 5 1 1
-137.809209 -5.36766348 0.123989583 0.998529213 0.0541875878 -0.00176528547 5 1 1
-137.314902 -5.34131746 0.123121929 0.998631995 0.052260018 -0.0017402846 5 1 1
-136.820316 -5.31590678 0.122266236 0.998729609 0.0503609632 -0.00171535746 5 1 1
-136.325455 -5.29141824 0.12142248 0.998822219 0.0484903847 -0.0016905041 5 1 1
-135.830321 -5.26783864 0.120590638 0.998909989 0.0466482422 -0.00166572458 5 1 1
-135.334918 -5.24515475 0.119770684 0.998993081 0.0448344951 -0.00164101893 5 1 1
-134.839249 -5.22335339 0.118962596 0.99907165 0.0430491015 -0.00161638718 5 1 1
-134.343316 -5.20242132 0.118166348 0.999145853 0.0412920189 -0.00159182931 5 1 1
-133.847124 -5.18234536 0.117381919 0.999215841 0.0395632039 -0.00156734531 5 1 1
-133.350675 -5.16311229 0.116609282 0.999281763 0.0378626127 -0.00154293514 5 1 1
-132.853972 -5.1447089 0.115848415 0.999343766 0.0361902006 -0.00151859875 5 1 1
-132.357019 -5.12712198 0.115099293 0.999401994 0.0345459226 -0.00149433606 5 1 1
-131.859819 -5.11033833 0.114361892 0.999456588 0.0329297331 -0.001470147 5 1 1
-131.362374 -5.09434473 0.113636189 0.999507686 0.031341586 -0.00144603145 5 1 1
-130.864688 -5.07912798 0.112922159 0.999555423 0.0297814351 -0.0014219893 5 1 1
-130.366764 -5.06467488 0.112219779 0.999599933 0.0282492337 -0.00139802043 5 1 1
-129.868605 -5.0509722 0.111529025 0.999641346 0.0267449347 -0.00137412469 5 1 1
-129.370214 -5.03800675 0.110849871 0.999679789 0.0252684911 -0.00135030191 5 1 1
-128.871595 -5.02576531 0.110182296 0.999715387 0.0238198555 -0.00132655194 5 1 1
-128.372751 -5.01423468 0.109526274 0.999748262 0.0223989806 -0.00130287457 5 1 1
-127.873684 -5.00340164 0.108881782 0.999778535 0.021005819 -0.00127926963 5 1 1
-127.374397 -4.993253 0.108248795 0.999806322 0.0196403231 -0.00125573689 5 1 1
-126.874895 -4.98377554 0.10762729 0.999831737 0.0183024455 -0.00123227614 5 1 1
-126.37518 -4.97495605 0.107017243 0.999854892 0.016992139 -0.00120888715 5 1 1
-125.875255 -4.96678133 0.10641863 0.999875898 0.0157093563 -0.00118556967 5 1 1
-125.375123 -4.95923817 0.105831427 0.999894859 0.0144540503 -0.00116232345 5 1 1
-124.874787 -4.95231335 0.105255609 0.999911881 0.0132261744 -0.00113914824 5 1 1
-124.374252 -4.94599367 0.104691153 0.999927066 0.0120256819 -0.00111604375 5 1 1
-123.873519 -4.94026593 0.104138035 0.999940512 0.0108525265 -0.0010930097 5 1 1
-123.372591 -4.93511691 0.103596231 0.999952317 0.00970666231 -0.00107004581 5 1 1
-122.871473 -4.9305334 0.103065718 0.999962574 0.00858804378 -0.00104715177 5 1 1
-122.370167 -4.9265022 0.10254647 0.999971375 0.00749662572 -0.00102432728 5 1 1
-121.868676 -4.9230101 0.102038464 0.999978811 0.00643236339 -0.00100157201 5 1 1
-121.367003 -4.92004389 0.101541676 0.999984967 0.00539521254 -0.000978885652 5 1 1
-120.865152 -4.91759036 0.101056082 0.999989928 0.0043851294 -0.000956267866 5 1 1
-120.363126 -4.9156363 0.100581659 0.999993777 0.00340207074 -0.000933718316 5 1 1
-119.860927 -4.91416851 0.100118381 0.999996593 0.0024459939 -0.000911236657 5 1 1
-119.358559 -4.91317378 0.0996662263 0.999998455 0.0015168568 -0.000888822536 5 1 1
-118.856025 -4.91263889 0.0992251694 0.999999436 0.000614617993 -0.000866475596 5 1 1
-118.353329 -4.91255065 0.0987951868 0.99999961 -0.000260763337 -0.000844195474 5 1 1
-117.850472 -4.91289584 0.0983762545 0.999999047 -0.00110932732 -0.0008219818 5 1 1
-117.347459 -4.91366125 0.0979683486 0.999997816 -0.00193111339 -0.000799834201 5 1 1
-116.844293 -4.91483367 0.097571445 0.999995982 -0.00272616026 -0.000777752295 5 1 1
-116.340976 -4.91639991 0.0971855198 0.999993609 -0.0034945059 -0.0007557357 5 1 1
-115.837512 -4.91834674 0.0968105491 0.999990758 -0.00423618753 -0.000733784026 5 1 1
-115.333904 -4.92066096 0.0964465088 0.999987489 -0.00495124153 -0.00071189688 5 1 1
-114.830155 -4.92332936 0.096093375 0.999983859 -0.00563970354 -0.000690073867 5 1 1
-114.326268 -4.92633874 0.0957511238 0.999979921 -0.00630160831 -0.000668314585 5 1 1
-113.822247 -4.92967589 0.0954197312 0.99997573 -0.00693698979 -0.00064661863 5 1 1
-113.318094 -4.93332759 0.0950991731 0.999971334 -0.00754588103 -0.000624985595 5 1 1
-112.813813 -4.93728063 0.0947894257 0.999966783 -0.00812831421 -0.000603415071 5 1 1
-112.309406 -4.94152182 0.094490465 0.999962121 -0.00868432064 -0.000581906644 5 1 1
-111.804877 -4.94603794 0.0942022669 0.999957394 -0.00921393067 -0.000560459899 5 1 1
-111.300229 -4.95081579 0.0939248076 0.999952642 -0.00971717376 -0.00053907442 5 1 1
-110.795465 -4.95584215 0.0936580631 0.999947905 -0.0101940784 -0.000517749786 5 1 1
-110.290589 -4.96110382 0.0934020094 0.999943221 -0.0106446722 -0.000496485577 5 1 1
-109.785603 -4.96658758 0.0931566225 0.999938624 -0.0110689816 -0.00047528137 5 1 1
-109.28051 -4.97228024 0.0929218784 0.999934148 -0.0114670324 -0.000454136741 5 1 1
-108.775314 -4.97816858 0.0926977533 0.999929825 -0.0118388491 -0.000433051264 5 1 1
-108.270018 -4.98423939 0.0924842231 0.999925682 -0.0121844554 -0.000412024515 5 1 1
-107.764625 -4.99047947 0.0922812639 0.999921747 -0.0125038739 -0.000391056066 5 1 1
-107.259137 -4.9968756 0.0920888517 0.999918045 -0.0127971262 -0.000370145491 5 1 1
-106.753559 -5.00341459 0.0919069625 0.999914598 -0.0130642328 -0.000349292361 5 1 1
-106.247894 -5.01008321 0.0917355723 0.999911428 -0.0133052134 -0.00032849625 5 1 1
-105.742143 -5.01686827 0.0915746573 0.999908552 -0.0135200864 -0.00030775673 5 1 1
-105.236311 -5.02375655 0.0914241934 0.999905988 -0.0137088695 -0.000287073375 5 1 1
-104.730401 -5.03073484 0.0912841566 0.99990375 -0.0138715788 -0.000266445757 5 1 1
-104.224416 -5.03778995 0.0911545231 0.99990185 -0.01400823 -0.000245873453 5 1 1
-103.718359 -5.04490865 0.0910352687 0.999900299 -0.0141188374 -0.000225356035 5 1 1
-103.212232 -5.05207774 0.0909263697 0.999899105 -0.0142034141 -0.000204893082 5 1 1
-102.70604 -5.05928402 0.0908278019 0.999898276 -0.0142619725 -0.000184484171 5 1 1
-102.199786 -5.06651426 0.0907395415 0.999897815 -0.0142945238 -0.00016412888 5 1 1
-101.693471 -5.07375528 0.0906615644 0.999897724 -0.014301078 -0.000143826791 5 1 1
-101.187101 -5.08099385 0.0905938467 0.999898004 -0.0142816443 -0.000123577487 5 1 1
-100.680677 -5.08821677 0.0905363644 0.999898654 -0.0142362306 -0.000103380551 5 1 1
-100.174203 -5.09541083 0.0904890936 0.99989967 -0.0141648439 -8.32355703e-05 5 1 1
-99.6676817 -5.10256282 0.0904520103 0.999901046 -0.0140674902 -6.31421349e-05 5 1 1
-99.1611168 -5.10965954 0.0904250905 0.999902774 -0.0139441742 -4.30998359e-05 5 1 1
-98.6545111 -5.11668777 0.0904083102 0.999904846 -0.0137948998 -2.31082679e-05 5 1 1
-98.1478679 -5.12363431 0.0904016456 0.999907248 -0.0136196699 -3.16702818e-06 5 1 1
-97.6411902 -5.13048595 0.0904050726 0.999909968 -0.013418486 1.6724283e-05 5 1 1
-97.1344811 -5.13722948 0.0904185672 0.99991299 -0.013191349 3.65660621e-05 5 1 1
-96.6277439 -5.1438517 0.0904421055 0.999916296 -0.0129382586 5.63587023e-05 5 1 1
-96.1209815 -5.15033938 0.0904756635 0.999919866 -0.0126592133 7.61025929e-05 5 1 1
-95.6141972 -5.15667933 0.0905192173 0.999923679 -0.012354211 9.57981199e-05 5 1 1
-95.1073941 -5.16285834 0.0905727429 0.999927711 -0.0120232482 0.000115445665 5 1 1
-94.6005753 -5.1688632 0.0906362163 0.999931937 -0.0116663207 0.000135045607 5 1 1
-94.0937439 -5.1746807 0.0907096135 0.999936328 -0.0112834231 0.000154598318 5 1 1
-93.5869031 -5.18029763 0.0907929107 0.999940855 -0.0108745492 0.000174104169 5 1 1
-93.080056 -5.18570079 0.0908860837 0.999945486 -0.0104396918 0.000193563524 5 1 1
-92.5732058 -5.19087696 0.0909891087 0.999950187 -0.00997884267 0.000212976743 5 1 1
-92.0663555 -5.19581294 0.0911019617 0.999954923 -0.00949199275 0.000232344182 5 1 1
-91.5595083 -5.20049551 0.0912246187 0.999959655 -0.008979132 0.00025166619 5 1 1
-91.0526674 -5.20491148 0.0913570557 0.999964344 -0.00844024951 0.000270943114 5 1 1
-90.5458358 -5.20904763 0.0914992489 0.999968947 -0.00787533345 0.000290175293 5 1 1
-90.0390167 -5.21289076 0.0916511741 0.999973421 -0.00728437114 0.000309363061 5 1 1
-89.5322132 -5.21642765 0.0918128075 0.999977719 -0.00666734902 0.000328506747 5 1 1
-89.0254285 -5.2196451 0.0919841251 0.999981794 -0.00602425271 0.000347606674 5 1 1
-88.5186657 -5.2225299 0.0921651029 0.999985594 -0.005355067 0.000366663159 5 1 1
-88.0119279 -5.22506883 0.0923557169 0.999989069 -0.00465977585 0.000385676513 5 1 1
-87.5052182 -5.2272487 0.0925559432 0.999992163 -0.00393836247 0.00040464704 5 1 1
-86.9985399 -5.2290563 0.0927657578 0.99999482 -0.0031908093 0.000423575039 5 1 1
-86.4918959 -5.23047841 0.0929851368 0.999996981 -0.002417098 0.000442460802 5 1 1
-85.9852895 -5.23150183 0.0932140561 0.999998586 -0.00161720955 0.000461304612 5 1 1
-85.4787237 -5.23211335 0.0934524919 0.999999572 -0.000791124217 0.000480106748 5 1 1
-84.9722018 -5.23229976 0.09370042 0.999999874 6.11784228e-05 0.000498867482 5 1 1
-84.4657268 -5.23204785 0.0939578167 0.999999425 0.000939719432 0.000517587076 5 1 1
-83.9593018 -5.23134441 0.0942246579 0.999998155 0.0018445205 0.000536265787 5 1 1
-83.4529301 -5.23017624 0.0945009196 0.999995994 0.00277560393 0.000554903864 5 1 1
-82.9466147 -5.22853013 0.0947865779 0.999992868 0.0037329926 0.000573501547 5 1 1
-82.4403587 -5.22639287 0.0950816088 0.999988701 0.00471670991 0.000592059071 5 1 1
-81.9341654 -5.22375125 0.0953859883 0.999983415 0.0057267798 0.000610576659 5 1 1
-81.4280378 -5.22059206 0.0956996925 0.999976931 0.00676322671 0.00062905453 5 1 1
-80.921979 -5.2169021 0.0960226975 0.999969166 0.00782607552 0.000647492892 5 1 1
-80.4159922 -5.21266815 0.0963549791 0.999960036 0.00891535154 0.000665891945 5 1 1
-79.9100805 -5.20787701 0.0966965135 0.999949453 0.0100310805 0.00068425188 5 1 1
-79.4042471 -5.20251547 0.0970472768 0.99993733 0.0111732884 0.000702572881 5 1 1
-78.898495 -5.19657032 0.0974072448 0.999923575 0.0123420018 0.00072085512 5 1 1
-78.3928275 -5.19002835 0.0977763938 0.999908094 0.0135372473 0.000739098763 5 1 1
-77.8872476 -5.18287636 0.0981546996 0.999890792 0.0147590518 0.000757303964 5 1 1
-77.3817585 -5.17510113 0.0985421384 0.999871572 0.0160074426 0.000775470869 5 1 1
-76.8763633 -5.16668946 0.0989386861 0.999850332 0.017282447 0.000793599615 5 1 1
-76.3710651 -5.15762814 0.0993443189 0.999826971 0.0185840925 0.000811690327 5 1 1
-75.8658671 -5.14790396 0.0997590126 0.999801384 0.0199124068 0.000829743121 5 1 1
-75.3607724 -5.13750372 0.100182743 0.999773463 0.0212674175 0.000847758105 5 1 1
-74.8557841 -5.1264142 0.100615487 0.9997431 0.0226491523 0.000865735373 5 1 1
-74.3509053 -5.11462219 0.10105722 0.999710183 0.024057639 0.00088367501 5 1 1
-73.8461393 -5.1021145 0.101507919 0.999674597 0.0254929051 0.000901577092 5 1 1
-73.3414891 -5.0888779 0.101967558 0.999636226 0.0269549782 0.000919441682 5 1 1
-72.8369578 -5.07489919 0.102436115 0.999594951 0.0284438856 0.000937268832 5 1 1
-72.3325486 -5.06016517 0.102913565 0.999550653 0.0299596546 0.000955058585 5 1 1
-71.8282647 -5.04466262 0.103399884 0.999503206 0.0315023119 0.000972810971 5 1 1
-71.3241091 -5.02837833 0.103895049 0.999452485 0.0330718843 0.000990526008 5 1 1
-70.8200849 -5.01129911 0.104399034 0.999398362 0.0346683981 0.0010082037 5 1 1
-70.3161954 -4.99341173 0.104911818 0.999340706 0.036291879 0.00102584405 5 1 1
-69.8124436 -4.974703 0.105433375 0.999279385 0.0379423525 0.00104344704 5 1 1
-69.3088327 -4.95515969 0.105963681 0.999214262 0.0396198435 0.00106101263 5 1 1
-68.8053658 -4.93476862 0.106502712 0.999145201 0.0413243764 0.00107854079 5 1 1
-68.3020461 -4.91351656 0.107050446 0.99907206 0.043055975 0.00109603146 5 1 1
-67.7988765 -4.8913903 0.107606856 0.998994698 0.0448146622 0.00111348458 5 1 1
-67.2958604 -4.86837665 0.108171921 0.998912968 0.0466004604 0.00113090007 5 1 1
-66.7930009 -4.84446239 0.108745615 0.998826724 0.0484133912 0.00114827782 5 1 1
-66.2903009 -4.81963431 0.109327914 0.998735816 0.0502534753 0.00116561775 5 1 1
-65.7877638 -4.7938792 0.109918796 0.99864009 0.0521207324 0.00118291973 5 1 1
-65.2853926 -4.76718386 0.110518235 0.998539393 0.0540151813 0.00120018362 5 1 1
-64.7831904 -4.73953508 0.111126208 0.998433567 0.0559368399 0.00121740928 5 1 1
-64.2811605 -4.71091965 0.11174269 0.998322452 0.0578857248 0.00123459655 5 1 1
-63.7793058 -4.68132436 0.112367659 0.998205887 0.0598618514 0.00125174526 5 1 1
-63.2776296 -4.65073601 0.113001089 0.998083705 0.0618652341 0.00126885522 5 1 1
-62.776135 -4.61914137 0.113642957 0.997955742 0.0638958857 0.00128592621 5 1 1
-62.274825 -4.58652726 0.114293239 0.997821826 0.0659538179 0.00130295804 5 1 1
-61.773703 -4.55288045 0.114951911 0.997681786 0.0680390408 0.00131995046 5 1 1
-61.2727718 -4.51818774 0.115618949 0.997535448 0.070151563 0.00133690323 5 1 1
-60.7720348 -4.48243592 0.116294329 0.997382636 0.0722913915 0.00135381609 5 1 1
-60.2714951 -4.44561179 0.116978027 0.997223169 0.0744585317 0.00137068875 5 1 1
-59.7711556 -4.40770213 0.11767002 0.997056866 0.0766529872 0.00138752094 5 1 1
-59.2710197 -4.36869374 0.118370282 0.996883544 0.0788747597 0.00140431233 5 1 1
-58.7710904 -4.32857341 0.11907879 0.996703016 0.0811238492 0.00142106261 5 1 1
-58.2713709 -4.28732792 0.119795521 0.996515093 0.0834002536 0.00143777143 5 1 1
-57.7718643 -4.24494408 0.12052045 0.996319584 0.0857039688 0.00145443845 5 1 1
-57.2725736 -4.20140867 0.121253553 0.996116297 0.0880349885 0.00147106329 5 1 1
-56.7735022 -4.15670848 0.121994806 0.995905034 0.0903933042 0.00148764556 5 1 1
-56.274653 -4.11083031 0.122744186 0.995685599 0.0927789052 0.00150418486 5 1 1
-55.7760292 -4.06376095 0.123501668 0.995457791 0.0951917784 0.00152068078 5 1 1
-55.277634 -4.01548719 0.124267229 0.995221406 0.097631908 0.00153713287 5 1 1
-54.7794705 -3.96599582 0.125040843 0.994976242 0.100099276 0.00155354068 5 1 1
-54.2815417 -3.91527364 0.125822489 0.994722089 0.102593862 0.00156990375 5 1 1
-53.7838509 -3.86330742 0.12661214 0.99445874 0.105115641 0.00158622158 5 1 1
-53.2864012 -3.81008398 0.127409775 0.994185983 0.107664588 0.00160249367 5 1 1
-52.7891957 -3.75559009 0.128215368 0.993903604 0.110240674 0.00161871951 5 1 1
-52.2922375 -3.69981256 0.129028895 0.993611387 0.112843866 0.00163489856 5 1 1
-51.7955297 -3.64273816 0.129850333 0.993309116 0.115474129 0.00165103025 5 1 1
-51.2990756 -3.5843537 0.130679658 0.99299657 0.118131424 0.00166711402 5 1 1
-50.8028782 -3.52464596 0.131516845 0.992673527 0.12081571 0.00168314928 5 1 1
-50.3069406 -3.46360174 0.132361871 0.992339764 0.123526941 0.00169913543 5 1 1
-49.8112661 -3.40120783 0.133214712 0.991995056 0.12626507 0.00171507183 5 1 1
-49.3158576 -3.33745102 0.134075343 0.991639174 0.129030044 0.00173095785 5 1 1
-48.8207184 -3.2723181 0.134943742 0.99127189 0.131821807 0.00174679283 5 1 1
-48.3258516 -3.20579586 0.135819883 0.990892972 0.1346403 0.00176257608 5 1 1
-47.8312603 -3.1378711 0.136703743 0.990502189 0.13748546 0.00177830693 5 1 1
-47.3369477 -3.0685306 0.137595298 0.990099304 0.140357219 0.00179398464 5 1 1
-46.8429168 -2.99776116 0.138494524 0.989684083 0.143255507 0.0018096085 5 1 1
-46.3491708 -2.92554957 0.139401397 0.989256288 0.146180248 0.00182517776 5 1 1
-45.8557129 -2.85188263 0.140315892 0.98881568 0.149131362 0.00184069165 5 1 1
-45.3625461 -2.77674712 0.141237987 0.988362018 0.152108767 0.00185614938 5 1 1
-44.8696737 -2.70012983 0.142167657 0.98789506 0.155112374 0.00187155017 5 1 1
-44.3770986 -2.62201756 0.143104878 0.987414563 0.15814209 0.00188689318 5 1 1
-43.8848242 -2.54239709 0.144049627 0.986920283 0.161197818 0.00190217759 5 1 1
-43.3928534 -2.46125523 0.145001878 0.986411975 0.164279457 0.00191740254 5 1 1
-42.9011895 -2.37857876 0.145961609 0.985889391 0.1673869 0.00193256716 5 1 1
-42.4098355 -2.29435447 0.146928794 0.985352284 0.170520036 0.00194767057 5 1 1
-41.9187946 -2.20856916 0.147903411 0.984800406 0.173678748 0.00196271185 5 1 1
-41.4280699 -2.12120962 0.148885436 0.984233508 0.176862915 0.00197769009 5 1 1
-40.9376645 -2.03226263 0.149874844 0.983651339 0.180072411 0.00199260435 5 1 1
-40.4475817 -1.94171499 0.150871611 0.983053648 0.183307105 0.00200745368 5 1 1
-39.9578245 -1.8495535 0.151875713 0.982440185 0.186566858 0.00202223709 5 1 1
-39.468396 -1.75576494 0.152887127 0.981810698 0.18985153 0.00203695361 5 1 1
-38.9792993 -1.6603361 0.153905828 0.981164935 0.193160972 0.00205160222 5 1 1
-38.4905377 -1.56325378 0.154931793 0.980502643 0.196495031 0.00206618192 5 1 1
-38.0021143 -1.46450477 0.155964998 0.979823571 0.199853549 0.00208069165 5 1 1
-37.514032 -1.36407586 0.157005418 0.979127465 0.203236361 0.00209513036 5 1 1
-37.0262942 -1.26195384 0.158053029 0.978414073 0.206643297 0.002109497 5 1 1
-36.538904 -1.1581255 0.159107808 0.977683143 0.210074181 0.00212379047 5 1 1
-36.0518643 -1.05257764 0.160169731 0.976934423 0.21352883 0.00213800968 5 1 1
-35.5651785 -0.945297048 0.161238774 0.976167662 0.217007058 0.00215215351 5 1 1
-35.0788496 -0.836270513 0.162314912 0.975382609 0.220508669 0.00216622084 5 1 1
-34.5928808 -0.725484828 0.163398122 0.974579013 0.224033465 0.00218021053 5 1 1
-34.1072751 -0.612926785 0.16448838 0.973756626 0.227581238 0.00219412141 5 1 1
-33.6220358 -0.498583176 0.165585661 0.972915197 0.231151776 0.00220795233 5 1 1
-33.1371659 -0.382440792 0.166689943 0.972054481 0.234744861 0.0022217021 5 1 1
-32.6526686 -0.264486425 0.1678012 0.971174231 0.238360267 0.00223536953 5 1 1
-32.168547 -0.144706866 0.168919409 0.970274201 0.241997763 0.00224895341 5 1 1
-31.6848042 -0.0230889077 0.170044547 0.969354148 0.245657112 0.00226245253 5 1 1
-31.2014435 0.100380659 0.171176588 0.968413831 0.249338068 0.00227586565 5 1 1
-30.7184678 0.225715041 0.172315509 0.967453009 0.253040381 0.00228919153 5 1 1
-30.2358804 0.352927449 0.173461287 0.966471445 0.256763793 0.00230242893 5 1 1
-29.7536843 0.482031089 0.174613896 0.965468901 0.260508041 0.00231557658 5 1 1
-29.2718827 0.613039171 0.175773313 0.964445144 0.264272854 0.00232863322 5 1 1
-28.7904788 0.745964902 0.176939515 0.963399946 0.268057943 0.00234159733 5 1 1
-28.3094761 0.880818049 0.178112414 0.962338122 0.271845172 0.00235411848 5 1 1
-27.8288804 1.01759562 0.179291689 0.961264225 0.275618382 0.00236588211 5 1 1
-27.3486977 1.15629167 0.180476966 0.96017837 0.279377609 0.00237688906 5 1 1
-26.8689341 1.29690024 0.181667871 0.95908067 0.28312289 0.00238714018 5 1 1
-26.3895957 1.4394154 0.182864027 0.957971235 0.286854264 0.0023966363 5 1 1
-25.9106886 1.5838312 0.184065061 0.956850177 0.290571771 0.00240537826 5 1 1
-25.4322189 1.73014168 0.185270598 0.955717602 0.294275451 0.00241336693 5 1 1
-24.9541927 1.87834091 0.186480264 0.954573618 0.297965347 0.00242060314 5 1 1
-24.476616 2.02842293 0.187693682 0.953418331 0.301641503 0.00242708773 5 1 1
-23.999495 2.1803818 0.188910479 0.952251843 0.305303963 0.00243282155 5 1 1
-23.5228357 2.33421157 0.190130281 0.951074257 0.308952772 0.00243780545 5 1 1
-23.0466442 2.4899063 0.191352711 0.949885674 0.312587977 0.00244204025 5 1 1
-22.5709267 2.64746003 0.192577396 0.948686192 0.316209626 0.0024455268 5 1 1
-22.0956892 2.80686683 0.19380396 0.947475911 0.319817768 0.00244826591 5 1 1
-21.6209378 2.96812074 0.19503203 0.946254924 0.323412452 0.00245025842 5 1 1
-21.1466786 3.13121581 0.19626123 0.945023328 0.32699373 0.00245150515 5 1 1
-20.6729177 3.2961461 0.197491185 0.943781215 0.330561652 0.00245200689 5 1 1
-20.1996612 3.46290567 0.198721522 0.942528677 0.334116271 0.00245176446 5 1 1
-19.7269151 3.63148857 0.199951864 0.941265803 0.33765764 0.00245077865 5 1 1
-19.2546857 3.80188884 0.201181838 0.939992682 0.341185814 0.00244905024 5 1 1
-18.7829788 3.97410054 0.202411068 0.938709401 0.344700847 0.00244658002 5 1 1
-18.3118007 4.14811773 0.20363918 0.937416046 0.348202795 0.00244336874 5 1 1
-17.8411575 4.32393446 0.2048658 0.9361127 0.351691715 0.00243941717 5 1 1
-17.3710552 4.50154478 0.206090552 0.934799446 0.355167663 0.00243472604 5 1 1
-16.9014999 4.68094274 0.207313061 0.933476364 0.358630697 0.0024292961 5 1 1
-16.4324977 4.8621224 0.208532954 0.932143534 0.362080876 0.00242312805 5 1 1
-15.9640547 5.04507781 0.209749855 0.930801034 0.365518259 0.00241622261 5 1 1
-15.4961769 5.22980303 0.210963389 0.929448939 0.368942906 0.00240858046 5 1 1
-15.0288706 5.4162921 0.212173182 0.928087326 0.372354877 0.0024002023 5 1 1
-14.5621418 5.60453908 0.213378859 0.926716267 0.375754232 0.00239108877 5 1 1
-14.0959965 5.79453803 0.214580045 0.925335834 0.379141034 0.00238124054 5 1 1
-13.6304408 5.98628299 0.215776366 0.923946098 0.382515343 0.00237065823 5 1 1
-13.1654809 6.17976802 0.216967447 0.922547127 0.385877223 0.00235934246 5 1 1
-12.7011229 6.37498717 0.218152913 0.921138989 0.389226737 0.00234729382 5 1 1
-12.2373727 6.5719345 0.219332389 0.91972175 0.392563947 0.00233451292 5 1 1
-11.7742366 6.77060405 0.220505501 0.918295475 0.395888917 0.0023210003 5 1 1
-11.3117206 6.97098989 0.221671874 0.916860225 0.399201711 0.00230675651 5 1 1
-10.8498308 7.17308606 0.222831133 0.915416064 0.402502394 0.00229178209 5 1 1
-10.3885733 7.37688662 0.223982904 0.913963051 0.405791031 0.00227607754 5 1 1
-9.92795412 7.58238562 0.225126811 0.912501245 0.409067686 0.00225964336 5 1 1
-9.46797945 7.78957711 0.22626248 0.911030703 0.412332426 0.00224248001 5 1 1
-9.00865535 7.99845515 0.227389537 0.909551481 0.415585316 0.00222458795 5 1 1
-8.54998789 8.20901379 0.228507606 0.908063633 0.418826421 0.0022059676 5 1 1
-8.09198318 8.42124708 0.229616313 0.906567213 0.422055809 0.00218661937 5 1 1
-7.63464731 8.63514908 0.230715283 0.905062273 0.425273546 0.00216654365 5 1 1
-7.17798636 8.85071384 0.231804141 0.903548861 0.428479698 0.00214574081 5 1 1
-6.72200642 9.06793541 0.232882513 0.902027027 0.431674333 0.00212421118 5 1 1
-6.2667136 9.28680784 0.233950024 0.900496819 0.434857517 0.0021019551 5 1 1
-5.81211397 9.5073252 0.235006299 0.898958283 0.438029318 0.00207897285 5 1 1
-5.35821363 9.72948152 0.236050963 0.897411463 0.441189803 0.00205526472 5 1 1
-4.90501867 9.95327087 0.237083642 0.895856403 0.444339039 0.00203083095 5 1 1
-4.45253519 10.1786873 0.238103961 0.894293144 0.447477095 0.00200567177 5 1 1
-4.00076926 10.4057249 0.239111545 0.892721727 0.450604038 0.00197978738 5 1 1
-3.54972699 10.6343776 0.240106019 0.891142191 0.453719936 0.00195317797 5 1 1
-3.09941446 10.8646396 0.24108701 0.889554575 0.456824856 0.00192584369 5 1 1
-2.64983777 11.0965048 0.242054141 0.887958915 0.459918867 0.00189778468 5 1 1
-2.201003 11.3299675 0.243007039 0.886355246 0.463002036 0.00186900102 5 1 1
-1.75291625 11.5650215 0.243945328 0.884743601 0.466074432 0.00183949281 5 1 1
-1.3055836 11.8016609 0.244868634 0.883124015 0.469136122 0.00180926009 5 1 1
-0.859011155 12.0398799 0.245776582 0.881496518 0.472187174 0.0017783029 5 1 1
-0.413204997 12.2796724 0.246668798 0.879861139 0.475227656 0.00174662124 5 1 1
0.031828782 12.5210325 0.247544906 0.878217908 0.478257637 0.00171421508 5 1 1
0.47608409 12.7639543 0.248404532 0.876566853 0.481277183 0.00168108436 5 1 1
0.919554837 13.0084318 0.249247301 0.874907999 0.484286362 0.00164722902 5 1 1
1.36223493 13.2544591 0.250072839 0.873241371 0.487285243 0.00161264894 5 1 1
1.80411828 13.5020301 0.25088077 0.871566993 0.490273892 0.00157734399 5 1 1
2.2451988 13.7511391 0.25167072 0.869884887 0.493252377 0.00154131401 5 1 1
2.68547039 14.00178 0.252442315 0.868195075 0.496220765 0.00150455881 5 1 1
3.12492697 14.2539469 0.253195179 0.866497576 0.499179124 0.00146707818 5 1 1
3.56356244 14.5076338 0.253928938 0.86479241 0.50212752 0.00142887187 5 1 1
4.00137071 14.7628347 0.254643216 0.863079593 0.50506602 0.00138993961 5 1 1
4.43834569 15.0195439 0.255337641 0.861359141 0.507994691 0.00135028109 5 1 1
4.8744813 15.2777552 0.256011835 0.859631071 0.5109136 0.00130989599 5 1 1
5.30977143 15.5374627 0.256665426 0.857895394 0.513822812 0.00126878396 5 1 1
5.74421 15.7986606 0.257298038 0.856152125 0.516722394 0.00122694459 5 1 1
6.17779092 16.0613428 0.257909296 0.854401275 0.519612412 0.00118437747 5 1 1
6.6105081 16.3255034 0.258498826 0.852642854 0.52249293 0.00114108217 5 1 1
7.04235545 16.5911365 0.259066252 0.85087687 0.525364016 0.00109705819 5 1 1
7.47332687 16.8582361 0.259611201 0.849103332 0.528225732 0.00105230505 5 1 1
7.90341627 17.1267962 0.260133298 0.847322246 0.531078146 0.0010068222 5 1 1
8.33261757 17.396811 0.260632167 0.845533619 0.53392132 0.000960609074 5 1 1
8.76092467 17.6682744 0.261107434 0.843737454 0.53675532 0.000913665086 5 1 1
9.18833148 17.9411806 0.261558724 0.841933755 0.53958021 0.000865989611 5 1 1
9.61483192 18.2155235 0.261985663 0.840122523 0.542396052 0.000817581991 5 1 1
10.0404199 18.4912973 0.262387876 0.83830376 0.545202912 0.000768441545 5 1 1
10.4650893 18.7684959 0.262764987 0.836477466 0.548000851 0.000718567556 5 1 1
10.888834 19.0471135 0.263116623 0.834643639 0.550789932 0.000667959279 5 1 1
11.311648 19.3271441 0.263442409 0.832802277 0.553570218 0.00061661594 5 1 1
11.7335252 19.6085817 0.26374197 0.830953377 0.556341771 0.000564536731 5 1 1
12.1544595 19.8914204 0.26401493 0.829096933 0.559104653 0.000511720816 5 1 1
12.5744447 20.1756543 0.264260916 0.827232941 0.561858925 0.000458167328 5 1 1
12.9934748 20.4612773 0.264479553 0.825361393 0.564604647 0.000403875368 5 1 1
13.4115438 20.7482836 0.264670466 0.823482281 0.567341882 0.000348844007 5 1 1
13.8286454 21.0366672 0.26483328 0.821595597 0.570070687 0.000293072285 5 1 1
14.2447737 21.3264222 0.26496762 0.819701331 0.572791125 0.00023655921 5 1 1
14.6599225 21.6175426 0.265073113 0.81779947 0.575503253 0.000179303762 5 1 1
15.0740857 21.9100224 0.265149382 0.815890004 0.578207131 0.000121304886 5 1 1
15.4872573 22.2038558 0.265196053 0.813972919 0.580902817 6.25614994e-05 5 1 1
15.8994312 22.4990368 0.265212752 0.812048201 0.58359037 3.07248581e-06 5 1 1
16.3106012 22.7955593 0.265199104 0.810115833 0.586269847 -5.7163301e-05 5 1 1
16.7207613 23.0934176 0.265154734 0.808175801 0.588941305 -0.000118147038 5 1 1
17.1299054 23.3926056 0.265079268 0.806228086 0.591604801 -0.000179879935 5 1 1
17.5380273 23.6931173 0.26497233 0.80427267 0.594260392 -0.000242363231 5 1 1
17.9451211 23.9949469 0.264833546 0.802309534 0.596908132 -0.000305598198 5 1 1
18.3511806 24.2980884 0.264662541 0.800338656 0.599548078 -0.000369586139 5 1 1
18.7561997 24.6025358 0.26445894 0.798360017 0.602180285 -0.000434328386 5 1 1
19.1601723 24.9082833 0.264222369 0.796373592 0.604804806 -0.000499826305 5 1 1
19.5630924 25.2153248 0.263952454 0.794379358 0.607421695 -0.000566081292 5 1 1
19.9649538 25.5236544 0.263648818 0.792377291 0.610031006 -0.000633094774 5 1 1
20.3657505 25.8332661 0.263311088 0.790367365 0.612632791 -0.00070086821 5 1 1
20.7654764 26.144154 0.262938889 0.788349554 0.615227103 -0.00076940309 5 1 1
21.1641253 26.4563123 0.262531845 0.78632383 0.617813994 -0.000838700934 5 1 1
21.5616912 26.7697348 0.262089583 0.784290165 0.620393514 -0.000908763295 5 1 1
21.958168 27.0844157 0.261611728 0.782248528 0.622965714 -0.000979591754 5 1 1
22.3535497 27.400349 0.261097905 0.78019889 0.625530644 -0.00105118793 5 1 1
22.74783 27.7175288 0.260547738 0.778141219 0.628088355 -0.00112355346 5 1 1
23.1410029 28.0359491 0.259960854 0.776075482 0.630638894 -0.00119669002 5 1 1
23.5330624 28.355604 0.259336878 0.774001646 0.633182309 -0.00127059933 5 1 1
23.9240023 28.6764876 0.258675435 0.771919678 0.63571865 -0.00134528311 5 1 1
24.3138166 28.9985938 0.257976149 0.76982954 0.638247962 -0.00142074315 5 1 1
24.7024991 29.3219167 0.257238648 0.767731197 0.640770293 -0.00149698122 5 1 1
25.0900438 29.6464505 0.256462555 0.765624612 0.643285687 -0.00157399917 5 1 1
25.4764446 29.9721891 0.255647496 0.763509747 0.645794192 -0.00165179886 5 1 1
25.8616954 30.2991266 0.254793096 0.761386562 0.64829585 -0.00173038217 5 1 1
26.24579 30.6272571 0.253898981 0.759255017 0.650790707 -0.00180975102 5 1 1
26.6287225 30.9565745 0.252964775 0.757115071 0.653278805 -0.00188990737 5 1 1
27.0104867 31.287073 0.251990105 0.754966683 0.655760188 -0.0019708532 5 1 1
27.3910765 31.6187467 0.250974595 0.752809809 0.658234896 -0.00205259051 5 1 1
27.7704858 31.9515895 0.249917871 0.750644405 0.660702973 -0.00213512135 5 1 1
28.1487086 32.2855955 0.248819557 0.748470427 0.663164458 -0.00221844779 5 1 1
28.5257387 32.6207588 0.24767928 0.74628783 0.665619391 -0.00230257192 5 1 1
28.9015701 32.9570734 0.246496664 0.744096566 0.668067812 -0.00238749588 5 1 1
29.2761966 33.2945333 0.245271335 0.741896587 0.670509759 -0.00247322183 5 1 1
29.6496123 33.6331328 0.244002917 0.739687847 0.67294527 -0.00255975194 5 1 1
30.0218109 33.9728656 0.242691037 0.737470295 0.675374383 -0.00264708844 5 1 1
30.3927864 34.3137261 0.24133532 0.735243881 0.677797134 -0.00273523357 5 1 1
30.7625334 34.6557082 0.239935464 0.733010878 0.680211056 -0.0028235979 5 1 1
31.1310525 34.9988066 0.238491788 0.730776798 0.682610283 -0.00291079021 5 1 1
31.4983473 35.3430163 0.237004921 0.728542011 0.684994568 -0.00299674948 5 1 1
31.8644214 35.6883322 0.235475494 0.726306656 0.687363911 -0.00308147274 5 1 1
32.2292783 36.0347492 0.233904138 0.724070874 0.689718314 -0.00316495709 5 1 1
32.5929216 36.3822624 0.232291485 0.721834805 0.692057779 -0.00324719975 5 1 1
32.955355 36.7308666 0.230638164 0.719598587 0.694382313 -0.00332819805 5 1 1
33.316582 37.0805568 0.228944808 0.717362358 0.696691921 -0.00340794941 5 1 1
33.6766062 37.431328 0.227212046 0.715126255 0.698986612 -0.00348645133 5 1 1
34.0354312 37.783175 0.225440511 0.712890413 0.701266397 -0.00356370143 5 1 1
34.3930607 38.1360929 0.223630833 0.710654966 0.703531287 -0.0036396974 5 1 1
34.749498 38.4900766 0.221783643 0.708420049 0.705781295 -0.00371443704 5 1 1
35.104747 38.845121 0.219899573 0.706185794 0.708016437 -0.00378791825 5 1 1
35.4588112 39.2012211 0.217979252 0.703952333 0.71023673 -0.003860139 5 1 1
35.8116941 39.5583718 0.216023313 0.701719795 0.712442191 -0.00393109736 5 1 1
36.1633993 39.9165681 0.214032386 0.699488311 0.71463284 -0.00400079149 5 1 1
36.5139305 40.2758049 0.212007103 0.697258009 0.716808699 -0.00406921963 5 1 1
36.8632912 40.6360771 0.209948094 0.695029015 0.71896979 -0.00413638011 5 1 1
37.211485 40.9973798 0.20785599 0.692801456 0.721116137 -0.00420227134 5 1 1
37.5585156 41.3597078 0.205731422 0.690575457 0.723247766 -0.00426689183 5 1 1
37.9043865 41.7230561 0.203575022 0.688351142 0.725364705 -0.00433024014 5 1 1
38.2491012 42.0874197 0.201387421 0.686128632 0.72746698 -0.00439231495 5 1 1
38.5926634 42.4527935 0.199169248 0.683908051 0.729554623 -0.00445311498 5 1 1
38.9350767 42.8191724 0.196921136 0.681689517 0.731627664 -0.00451263905 5 1 1
39.2763447 43.1865514 0.194643716 0.679473151 0.733686135 -0.00457088607 5 1 1
39.6164709 43.5549254 0.192337618 0.677259069 0.73573007 -0.00462785498 5 1 1
39.955459 43.9242894 0.190003474 0.675047389 0.737759505 -0.00468354484 5 1 1
40.2933125 44.2946384 0.187641914 0.672838226 0.739774475 -0.00473795475 5 1 1
40.6300351 44.6659672 0.18525357 0.670631695 0.741775017 -0.0047910839 5 1 1
40.9656303 45.0382708 0.182839073 0.668427908 0.74376117 -0.00484293154 5 1 1
41.3001016 45.4115442 0.180399053 0.666226977 0.745732974 -0.004893497 5 1 1
41.6334528 45.7857823 0.177934141 0.664029014 0.747690469 -0.00494277965 5 1 1
41.9656874 46.1609801 0.175444969 0.661834127 0.749633698 -0.00499077895 5 1 1
42.2968089 46.5371325 0.172932168 0.659642424 0.751562703 -0.00503749442 5 1 1
42.6268211 46.9142344 0.170396369 0.657454013 0.753477528 -0.00508292564 5 1 1
42.9557274 47.2922808 0.167838202 0.655268999 0.755378218 -0.00512707224 5 1 1
43.2835314 47.6712667 0.1652583 0.653087487 0.757264819 -0.00516993392 5 1 1
43.6102368 48.051187 0.162657291 0.650909579 0.759137379 -0.00521151044 5 1 1
43.9358472 48.4320365 0.160035809 0.648735378 0.760995945 -0.00525180162 5 1 1
44.260366 48.8138104 0.157394484 0.646564984 0.762840566 -0.00529080731 5 1 1
44.583797 49.1965035 0.154733946 0.644398497 0.764671292 -0.00532852744 5 1 1
44.9061437 49.5801108 0.152054827 0.642236014 0.766488173 -0.00536496198 5 1 1
45.2274097 49.9646272 0.149357758 0.640077634 0.768291261 -0.00540011097 5 1 1
45.5475986 50.3500477 0.14664337 0.637923451 0.770080608 -0.00543397447 5 1 1
45.8667139 50.7363671 0.143912294 0.635773559 0.771856268 -0.00546655261 5 1 1
46.1847594 51.1235806 0.141165161 0.633628053 0.773618294 -0.00549784555 5 1 1
46.5017385 51.5116829 0.138402601 0.631487023 0.77536674 -0.00552785351 5 1 1
46.8176548 51.9006691 0.135625247 0.629350562 0.777101663 -0.00555657675 5 1 1
47.132512 52.2905341 0.132833729 0.627218757 0.778823119 -0.00558401558 5 1 1
47.4463137 52.6812729 0.130028677 0.625091697 0.780531163 -0.00561017032 5 1 1
47.7590634 53.0728803 0.127210724 0.622969469 0.782225854 -0.00563504137 5 1 1
48.0707646 53.4653514 0.1243805 0.620852159 0.78390725 -0.00565862914 5 1 1
48.3814211 53.8586811 0.121538636 0.618739851 0.785575409 -0.00568093409 5 1 1
48.6910364 54.2528643 0.118685763 0.616632629 0.787230391 -0.00570195672 5 1 1
48.9996141 54.647896 0.115822512 0.614530574 0.788872256 -0.00572169754 5 1 1
49.3071578 55.0437711 0.112949514 0.612433768 0.790501063 -0.00574015713 5 1 1
49.613671 55.4404845 0.110067401 0.610342289 0.792116875 -0.00575733608 5 1 1
49.9191574 55.8380313 0.107176803 0.608256217 0.793719752 -0.005773235 5 1 1
50.2236206 56.2364064 0.10427835 0.606175628 0.795309757 -0.00578785455 5 1 1
50.5270641 56.6356046 0.101372676 0.604100598 0.796886951 -0.00580119542 5 1 1
50.8294915 57.035621 0.0984604089 0.602031203 0.798451399 -0.00581325829 5 1 1
51.1309065 57.4364505 0.0955421816 0.599967516 0.800003163 -0.00582404391 5 1 1
51.4313125 57.8380881 0.0926186246 0.597909609 0.801542306 -0.00583355303 5 1 1
51.7307133 58.2405287 0.0896903689 0.595857554 0.803068894 -0.00584178643 5 1 1
52.0291124 58.6437672 0.0867580456 0.593811421 0.804582991 -0.00584874491 5 1 1
52.3265134 59.0477986 0.0838222856 0.591771278 0.806084661 -0.00585442928 5 1 1
52.6229198 59.4526178 0.0808837201 0.589737194 0.80757397 -0.0058588404 5 1 1
52.9183354 59.8582198 0.0779429799 0.587709235 0.809050983 -0.0058619791 5 1 1
53.2127635 60.2645995 0.0750006962 0.585687466 0.810515766 -0.00586384627 5 1 1
53.506208 60.6717519 0.0720574999 0.583671953 0.811968386 -0.00586444279 5 1 1
53.7986723 61.0796719 0.0691140221 0.581662759 0.813408908 -0.00586376957 5 1 1
54.09016 61.4883545 0.0661708938 0.579659945 0.814837399 -0.00586182752 5 1 1
54.3806747 61.8977946 0.0632287461 0.577663573 0.816253927 -0.00585861757 5 1 1
54.6702201 62.3079872 0.0602882099 0.575673703 0.817658557 -0.00585414066 5 1 1
54.9587996 62.7189271 0.0573499162 0.573690394 0.819051359 -0.00584839773 5 1 1
55.246417 63.1306094 0.0544144962 0.571713704 0.820432398 -0.00584138975 5 1 1
55.5330757 63.5430291 0.0514825807 0.569743689 0.821801742 -0.00583311767 5 1 1
55.8187794 63.9561809 0.0485548009 0.567780405 0.823159461 -0.00582358246 5 1 1
56.1035317 64.37006 0.0456317877 0.565823908 0.82450562 -0.00581278511 5 1 1
56.3873362 64.7846611 0.0427141723 0.56387425 0.825840288 -0.00580072658 5 1 1
56.6701964 65.1999794 0.0398025855 0.561931485 0.827163534 -0.00578740786 5 1 1
56.952116 65.6160097 0.0368976584 0.559995664 0.828475425 -0.00577282995 5 1 1
57.2330984 66.0327469 0.0340000221 0.558066838 0.829776031 -0.00575699381 5 1 1
57.5131474 66.4501861 0.0311103075 0.556145057 0.831065418 -0.00573990044 5 1 1
57.7922666 66.8683222 0.0282291457 0.554230368 0.832343657 -0.00572155082 5 1 1
58.0704594 67.2871501 0.0253571677 0.552322821 0.833610814 -0.00570194593 5 1 1
58.3477295 67.7066647 0.0224950046 0.550422462 0.834866959 -0.00568108675 5 1 1
58.6240805 68.126861 0.0196432873 0.548529336 0.83611216 -0.00565897426 5 1 1
58.899516 68.547734 0.0168026469 0.546643489 0.837346485 -0.00563560943 5 1 1
59.1740396 68.9692786 0.0139737143 0.544764965 0.838570003 -0.00561099321 5 1 1
59.4476548 69.3914897 0.0111571207 0.542893806 0.839782783 -0.00558512658 5 1 1
59.7203652 69.8143624 0.00835349704 0.541030055 0.840984892 -0.00555801047 5 1 1
59.9921745 70.2378914 0.00556347432 0.539173753 0.842176399 -0.00552964583 5 1 1
60.2630863 70.6620719 0.00278768358 0.53732494 0.843357373 -0.00550003359 5 1 1
60.533104 71.0868987 2.67558459e-05 0.535483657 0.844527881 -0.00546917467 5 1 1
60.8022314 71.5123667 -0.00271867787 0.533649941 0.845687991 -0.00543706998 5 1 1
61.070472 71.938471 -0.00544798654 0.531823831 0.846837773 -0.00540372041 5 1 1
61.3378294 72.3652065 -0.00816053914 0.530005362 0.847977292 -0.00536912685 5 1 1
61.6043071 72.7925681 -0.0108557046 0.528194573 0.849106618 -0.00533329018 5 1 1
61.8699088 73.2205507 -0.013532852 0.526391498 0.850225818 -0.00529621123 5 1 1
62.1346381 73.6491493 -0.0161913503 0.52459617 0.851334959 -0.00525789087 5 1 1
62.3984986 74.0783589 -0.0188305684 0.522808625 0.852434109 -0.00521832989 5 1 1
62.6614938 74.5081744 -0.0214498754 0.521028895 0.853523335 -0.00517752913 5 1 1
62.9236274 74.9385908 -0.0240486401 0.519257013 0.854602704 -0.00513548935 5 1 1
63.1849028 75.3696029 -0.0266262316 0.517493009 0.855672283 -0.00509221133 5 1 1
63.4453238 75.8012058 -0.0291820189 0.515736914 0.856732138 -0.00504769582 5 1 1
63.704894 76.2333944 -0.0317153709 0.513988759 0.857782336 -0.00500194356 5 1 1
63.9636168 76.6661636 -0.0342256566 0.512248572 0.858822944 -0.00495495523 5 1 1
64.2214959 77.0995084 -0.036712245 0.510516381 0.859854027 -0.00490673155 5 1 1
64.4785349 77.5334237 -0.0391745051 0.508792216 0.860875652 -0.00485727315 5 1 1
64.7347373 77.9679045 -0.0416118059 0.507076102 0.861887883 -0.0048065807 5 1 1
64.9901069 78.4029457 -0.0440235162 0.505368067 0.862890787 -0.0047546548 5 1 1
65.2446471 78.8385423 -0.0464090052 0.503668135 0.863884428 -0.00470149605 5 1 1
65.4983615 79.2746892 -0.0487676418 0.501976332 0.864868872 -0.00464710502 5 1 1
65.7512538 79.7113813 -0.0510987949 0.500292683 0.865844183 -0.00459148223 5 1 1
66.0033275 80.1486136 -0.0534018336 0.498617211 0.866810426 -0.00453462822 5 1 1
66.2545862 80.5863811 -0.0556761267 0.496949939 0.867767664 -0.00447654346 5 1 1
66.5050336 81.0246787 -0.0579210434 0.495290889 0.868715962 -0.00441722842 5 1 1
66.7546731 81.4635014 -0.0601359526 0.493640085 0.869655384 -0.00435668353 5 1 1
67.0035084 81.902844 -0.0623202232 0.491997546 0.870585991 -0.00429490918 5 1 1
67.2515432 82.3427016 -0.0644732242 0.490363294 0.871507849 -0.00423190575 5 1 1
67.4987809 82.783069 -0.0665943246 0.488737349 0.872421019 -0.00416767358 5 1 1
67.7452251 83.2239413 -0.0686828935 0.48711973 0.873325564 -0.00410221298 5 1 1
67.9908795 83.6653133 -0.0707382997 0.485510456 0.874221546 -0.00403552422 5 1 1
68.2357477 84.1071801 -0.0727599122 0.483909547 0.875109027 -0.00396760756 5 1 1
68.4798332 84.5495366 -0.0747471001 0.482317019 0.875988068 -0.00389846321 5 1 1
68.7231396 84.9923776 -0.0766992322 0.480732891 0.876858731 -0.00382809135 5 1 1
68.9656706 85.4356982 -0.0786156777 0.479157178 0.877721076 -0.00375649212 5 1 1
69.2074296 85.8794933 -0.0804958054 0.477589899 0.878575164 -0.00368366564 5 1 1
69.4484204 86.3237579 -0.0823389843 0.476031067 0.879421056 -0.00360961198 5 1 1
69.6886464 86.7684869 -0.0841445835 0.4744807 0.880258811 -0.00353433118 5 1 1
69.9281113 87.2136752 -0.0859119718 0.472938811 0.881088488 -0.00345782325 5 1 1
70.1668187 87.6593178 -0.0876405183 0.471405415 0.881910148 -0.00338008815 5 1 1
70.4047722 88.1054097 -0.089329592 0.469880527 0.882723848 -0.00330112583 5 1 1
70.6419753 88.5519457 -0.0909785618 0.46836416 0.883529648 -0.00322093617 5 1 1
70.8784317 88.9989209 -0.0925867967 0.466856327 0.884327605 -0.00313951902 5 1 1
71.1141449 89.4463301 -0.0941536657 0.46535704 0.885117778 -0.00305687421 5 1 1
71.3491185 89.8941684 -0.0956785377 0.463866312 0.885900223 -0.0029730015 5 1 1
71.5833562 90.3424306 -0.0971607818 0.462384155 0.886674998 -0.00288790065 5 1 1
71.8168614 90.7911118 -0.0985997669 0.460910581 0.88744216 -0.00280157135 5 1 1
72.0496379 91.2402068 -0.099994862 0.4594456 0.888201765 -0.00271401325 5 1 1
72.2816891 91.6897107 -0.101345436 0.457989223 0.888953868 -0.00262522597 5 1 1
72.5130188 92.1396182 -0.102650858 0.456541461 0.889698526 -0.00253520909 5 1 1
72.7436304 92.5899245 -0.103910497 0.455102323 0.890435794 -0.00244396213 5 1 1
72.9735275 93.0406245 -0.105123722 0.453671819 0.891165726 -0.0023514846 5 1 1
73.2027139 93.491713 -0.106289902 0.452249959 0.891888377 -0.00225777593 5 1 1
73.4311929 93.9431851 -0.107408405 0.450836751 0.892603801 -0.00216283553 5 1 1
73.6589683 94.3950356 -0.108478602 0.449432204 0.893312052 -0.00206666276 5 1 1
73.8860436 94.8472596 -0.10949986 0.448036326 0.894013183 -0.00196925694 5 1 1
74.1124225 95.299852 -0.110471549 0.446649126 0.894707248 -0.00187061734 5 1 1
74.3381084 95.7528077 -0.111393038 0.445270611 0.895394297 -0.00177074318 5 1 1
74.5631051 96.2061217 -0.112263696 0.443900788 0.896074385 -0.00166963364 5 1 1
74.787416 96.6597888 -0.113082891 0.442539664 0.896747562 -0.00156728787 5 1 1
75.0110448 97.1138042 -0.113849993 0.441187247 0.897413879 -0.00146370494 5 1 1
75.2339951 97.5681627 -0.114564371 0.439843543 0.898073389 -0.00135888391 5 1 1
75.4562705 98.0228592 -0.115225393 0.438508558 0.89872614 -0.00125282376 5 1 1
75.6778745 98.4778887 -0.115832429 0.437182298 0.899372184 -0.00114552345 5 1 1
75.8988107 98.9332462 -0.116384848 0.435864769 0.900011571 -0.00103698186 5 1 1
76.1190828 99.3889266 -0.116882018 0.434555977 0.900644349 -0.00092719786 5 1 1
76.3386943 99.8449248 -0.117323309 0.433255927 0.901270567 -0.000816170243 5 1 1
76.5576488 100.301236 -0.117708089 0.431964625 0.901890275 -0.000703897765 5 1 1
76.7759499 100.757855 -0.118035728 0.430682074 0.902503519 -0.000590379127 5 1 1
76.9936012 101.214776 -0.118305595 0.42940828 0.903110349 -0.000475612984 5 1 1
77.2106064 101.671995 -0.118517058 0.428143248 0.903710811 -0.000359597939 5 1 1
77.4269688 102.129507 -0.118669486 0.426886981 0.904304952 -0.000242332544 5 1 1
77.6426923 102.587306 -0.118762249 0.425639485 0.904892819 -0.000123815301 5 1 1
77.8577803 103.045387 -0.118794716 0.424400762 0.905474458 -4.04465835e-06 5 1 1
78.0722365 103.503747 -0.118766254 0.423170816 0.906049914 0.000116980984 5 1 1
78.2860644 103.962378 -0.118676235 0.421949652 0.906619233 0.000239263282 5 1 1
78.4992677 104.421277 -0.118524025 0.420737272 0.90718246 0.000362803941 5 1 1
78.7118498 104.880438 -0.118308995 0.419533681 0.907739639 0.000487604721 5 1 1
78.9238145 105.339856 -0.118030513 0.418338881 0.908290815 0.000613667436 5 1 1
79.1351653 105.799526 -0.117687949 0.417152875 0.90883603 0.000740993952 5 1 1
79.3459058 106.259443 -0.11728067 0.415975667 0.909375329 0.00086958619 5 1 1
79.5560396 106.719603 -0.116808047 0.414807259 0.909908753 0.000999446126 5 1 1
79.7655702 107.179999 -0.116269449 0.413647653 0.910436346 0.00113057579 5 1 1
79.9745013 107.640628 -0.115664243 0.412496853 0.91095815 0.00126297727 5 1 1
80.1828365 108.101483 -0.1149918 0.411354861 0.911474206 0.0013966527 5 1 1
80.3905793 108.56256 -0.114251487 0.410221679 0.911984555 0.00153160428 5 1 1
80.5977334 109.023854 -0.113442675 0.40909731 0.912489238 0.00166783427 5 1 1
80.8043023 109.485359 -0.112564732 0.407981755 0.912988296 0.00180534497 5 1 1
81.0102896 109.947071 -0.111617028 0.406875018 0.913481768 0.00194413875 5 1 1
81.215699 110.408985 -0.11059893 0.4057771 0.913969694 0.00208421804 5 1 1
81.4205339 110.871096 -0.109509808 0.404688003 0.914452113 0.00222558531 5 1 1
81.624798 111.333398 -0.108349032 0.403607729 0.914929064 0.00236824312 5 1 1
81.828495 111.795886 -0.107115969 0.40253628 0.915400586 0.00251219405 5 1 1
82.0316283 112.258556 -0.105809989 0.401473658 0.915866715 0.00265744076 5 1 1
82.2342015 112.721402 -0.104430462 0.400419865 0.91632749 0.00280398598 5 1 1
82.4362184 113.184419 -0.102976755 0.399374902 0.916782948 0.00295183247 5 1 1
82.6376823 113.647603 -0.101448238 0.398338772 0.917233126 0.00310098308 5 1 1
82.838597 114.110947 -0.0998442803 0.397311476 0.917678059 0.0032514407 5 1 1
83.0389661 114.574448 -0.0981642504 0.396293015 0.918117783 0.00340320829 5 1 1
83.2387931 115.0381 -0.0964075172 0.395283393 0.918552335 0.00355628886 5 1 1
83.4380815 115.501898 -0.09457345 0.394282609 0.918981749 0.0037106855 5 1 1
83.6368351 115.965837 -0.0926614175 0.393290667 0.91940606 0.00386640136 5 1 1
83.8350574 116.429912 -0.0906707888 0.392307567 0.919825301 0.00402343962 5 1 1
84.0327519 116.894118 -0.088600933 0.391333311 0.920239508 0.00418180357 5 1 1
84.2299224 117.358449 -0.0864512188 0.390367902 0.920648713 0.00434149653 5 1 1
84.4265723 117.822901 -0.0842210154 0.389411341 0.921052949 0.00450252189 5 1 1
84.6227052 118.287469 -0.0819096918 0.38846363 0.921452249 0.00466488312 5 1 1
84.8183248 118.752148 -0.0795166168 0.38752477 0.921846645 0.00482858372 5 1 1
85.0134347 119.216932 -0.0770411594 0.386594764 0.922236169 0.0049936273 5 1 1
85.2080384 119.681817 -0.0744826888 0.385673613 0.922620853 0.00516001749 5 1 1
85.4021395 120.146797 -0.0718405737 0.38476132 0.923000727 0.00532775802 5 1 1
85.5957416 120.611868 -0.0691141833 0.383857885 0.923375822 0.00549685266 5 1 1
85.7888483 121.077024 -0.0663028864 0.382963313 0.923746168 0.00566730527 5 1 1
85.9814632 121.54226 -0.0634060521 0.382077603 0.924111795 0.00583911976 5 1 1
86.1735899 122.007572 -0.0604230493 0.38120076 0.924472732 0.00601230011 5 1 1
86.3652319 122.472953 -0.057353247 0.380332784 0.924829009 0.00618685037 5 1 1
86.5563929 122.9384 -0.0541960143 0.379473679 0.925180654 0.00636277466 5 1 1
86.7470765 123.403908 -0.05095072 0.378623447 0.925527694 0.00654007715 5 1 1
86.9372863 123.86947 -0.0476167331 0.377782089 0.925870159 0.00671876211 5 1 1
87.1270257 124.335082 -0.0441934227 0.37694961 0.926208075 0.00689883385 5 1 1
87.3162985 124.800739 -0.0406801577 0.376126011 0.926541469 0.00708029677 5 1 1
87.5051082 125.266436 -0.0370763071 0.375311295 0.926870368 0.00726315533 5 1 1
87.6934584 125.732168 -0.0333812398 0.374505466 0.927194797 0.00744741405 5 1 1
87.8813528 126.197929 -0.0295943249 0.373708525 0.927514784 0.00763307755 5 1 1
88.0687948 126.663716 -0.0257149313 0.372920477 0.927830353 0.0078201505 5 1 1
88.2557881 127.129522 -0.021742428 0.372141324 0.928141528 0.00800863763 5 1 1
88.4423362 127.595342 -0.017676184 0.37137107 0.928448336 0.00819854378 5 1 1
88.6284429 128.061173 -0.0135155682 0.370609718 0.928750799 0.00838987382 5 1 1
88.8141116 128.527007 -0.00925994965 0.369857272 0.929048942 0.00858263271 5 1 1
88.9993459 128.992841 -0.00490869731 0.369113736 0.929342788 0.0087768255 5 1 1
89.1841495 129.45867 -0.000461180171 0.368379113 0.92963236 0.0089724573 5 1 1
89.3685259 129.924488 0.0040832328 0.367653407 0.92991768 0.00916953328 5 1 1
89.5524787 130.39029 0.00872517264 0.366936622 0.930198772 0.00936805871 5 1 1
89.7360115 130.856072 0.0134652703 0.366228764 0.930475655 0.00956803892 5 1 1
89.9191279 131.321827 0.0183041569 0.365529835 0.930748353 0.00976947932 5 1 1
90.1018315 131.787552 0.0232424635 0.364839842 0.931016886 0.00997238538 5 1 1
90.2841259 132.253241 0.0282808209 0.364158787 0.931281274 0.0101767627 5 1 1
90.4660147 132.718889 0.0334198604 0.363486678 0.931541538 0.0103826169 5 1 1
90.6475014 133.184491 0.0386602128 0.362823517 0.931797697 0.0105899536 5 1 1
90.8285897 133.650042 0.0440025092 0.362169312 0.932049771 0.0107987788 5 1 1
91.0092832 134.115537 0.0494473807 0.361524067 0.932297779 0.0110090982 5 1 1
91.1895853 134.58097 0.0549954582 0.360887787 0.93254174 0.0112209178 5 1 1
91.3694998 135.046338 0.0606473727 0.360260479 0.932781671 0.0114342437 5 1 1
91.5490302 135.511634 0.0664037554 0.359642149 0.93301759 0.0116490819 5 1 1
91.7281801 135.976853 0.0722652372 0.359032803 0.933249515 0.0118654387 5 1 1
91.9069531 136.441992 0.0782324491 0.358432446 0.933477464 0.0120833202 5 1 1
92.0853529 136.907043 0.0843060222 0.357841086 0.933701451 0.012302733 5 1 1
92.2633828 137.372004 0.0904865875 0.35725873 0.933921494 0.0125236834 5 1 1
92.4410467 137.836867 0.0967747759 0.356685384 0.934137609 0.0127461779 5 1 1
92.618348 138.30163 0.103171219 0.356121055 0.93434981 0.0129702231 5 1 1
92.7952904 138.766285 0.109676547 0.355565752 0.934558113 0.0131958257 5 1 1
92.9718774 139.230829 0.116291391 0.35501948 0.934762532 0.0134229926 5 1 1
93.1481126 139.695256 0.123016382 0.35448225 0.934963082 0.0136517305 5 1 1
93.3239997 140.159561 0.129852152 0.353954067 0.935159776 0.0138820463 5 1 1
93.4995422 140.623739 0.136799331 0.353434942 0.935352628 0.0141139472 5 1 1
93.6747437 141.087786 0.143858551 0.352924881 0.93554165 0.0143474403 5 1 1
93.8496078 141.551695 0.151030442 0.352423894 0.935726856 0.0145825326 5 1 1
94.024138 142.015463 0.158315635 0.351931991 0.935908256 0.0148192316 5 1 1
94.1983381 142.479083 0.165714762 0.351449179 0.936085864 0.0150575445 5 1 1
94.3722115 142.942551 0.173228453 0.350975468 0.93625969 0.015297479 5 1 1
94.5457619 143.405862 0.180857339 0.350510869 0.936429746 0.0155390424 5 1 1
94.7189929 143.869011 0.188602052 0.350055391 0.936596041 0.0157822425 5 1 1
94.8919079 144.331992 0.196463223 0.349609045 0.936758586 0.016027087 5 1 1
95.0645108 144.794801 0.204441482 0.34917184 0.93691739 0.0162735837 5 1 1
95.2368049 145.257433 0.212537461 0.348743788 0.937072464 0.0165217406 5 1 1
95.4087939 145.719882 0.22075179 0.348324899 0.937223815 0.0167715656 5 1 1
95.5804815 146.182143 0.229085101 0.347915185 0.937371452 0.0170230669 5 1 1
95.7518712 146.644212 0.237538024 0.347514658 0.937515383 0.0172762526 5 1 1
95.9229665 147.106084 0.246111192 0.347123328 0.937655616 0.0175311311 5 1 1
96.0937711 147.567752 0.254805233 0.346741208 0.937792158 0.0177877107 5 1 1
96.2642886 148.029213 0.263620781 0.346368311 0.937925016 0.018046 5 1 1
96.4345226 148.490461 0.272558465 0.346004649 0.938054195 0.0183060074 5 1 1
96.6044766 148.951492 0.281618917 0.345650236 0.938179702 0.0185677417 5 1 1
96.7741542 149.412299 0.290802767 0.345305083 0.938301543 0.0188312117 5 1 1
96.9435591 149.872879 0.300110648 0.344969205 0.938419722 0.0190964262 5 1 1
97.1126948 150.333225 0.309543189 0.344642616 0.938534244 0.0193633941 5 1 1
97.2815649 150.793334 0.319101022 0.344325329 0.938645113 0.0196321247 5 1 1
97.450173 151.253199 0.328784778 0.344017359 0.938752333 0.0199026269 5 1 1
97.6185227 151.712816 0.338595088 0.343718722 0.938855907 0.0201749102 5 1 1
97.7866176 152.17218 0.348532582 0.34342943 0.938955838 0.0204489839 5 1 1
97.9544612 152.631286 0.358597893 0.343149501 0.939052129 0.0207248574 5 1 1
98.1220573 153.090128 0.36879165 0.34287895 0.939144781 0.0210025403 5 1 1
98.2894093 153.548702 0.379114485 0.342617792 0.939233796 0.0212820424 5 1 1
98.4565208 154.007002 0.38956703 0.342366044 0.939319175 0.0215633733 5 1 1
98.6233955 154.465024 0.400149914 0.342123723 0.939400919 0.0218465431 5 1 1
98.7900369 154.922763 0.410863769 0.341890846 0.939479028 0.0221315616 5 1 1
