20.0882194 0.255376037 0.105712004 0.999899474 0.0140329461 0.0020295323 5.5 1 1
20.5904073 0.26244048 0.106690809 0.999898859 0.0140990114 0.00186791706 5.5 1 1
21.0925943 0.269538096 0.107588444 0.999898214 0.0141650764 0.00170630142 5.5 1 1
21.5947804 0.276668885 0.108404909 0.999897539 0.0142311411 0.00154468538 5.5 1 1
22.0969657 0.283832847 0.109140203 0.999896833 0.0142972055 0.00138306896 5.5 1 1
22.5991502 0.291029981 0.109794326 0.999896097 0.0143632697 0.00122145219 5.5 1 1
23.1013338 0.298260289 0.110367279 0.99989533 0.0144293335 0.00105983506 5.5 1 1
23.6035165 0.305523769 0.110859062 0.999894533 0.014495397 0.000898217608 5.5 1 1
24.1056984 0.312820422 0.111269674 0.999893705 0.0145614601 0.000736599835 5.5 1 1
24.6078794 0.320150247 0.111599116 0.999892847 0.014627523 0.000574981759 5.5 1 1
25.1100595 0.327513246 0.111847387 0.999891958 0.0146935855 0.000413363395 5.5 1 1
25.6122388 0.334909417 0.112014488 0.999891039 0.0147596476 0.000251744758 5.5 1 1
26.1144172 0.342338761 0.112100418 0.999890089 0.0148257094 9.01258629e-05 5.5 1 1
26.6165948 0.349801278 0.112105178 0.999889109 0.0148917709 -7.14932761e-05 5.5 1 1
27.1187715 0.357296968 0.112028767 0.999888098 0.014957832 -0.000233112644 5.5 1 1
27.6209474 0.36482583 0.111871186 0.999887057 0.0150238927 -0.000394732226 5.5 1 1
28.1231224 0.372387866 0.111632434 0.999885985 0.0150899531 -0.000556352007 5.5 1 1
28.6252965 0.379983074 0.111312512 0.999884883 0.0151560131 -0.000717971972 5.5 1 1
29.1274698 0.387611455 0.11091142 0.999883751 0.0152220727 -0.000879592108 5.5 1 1
29.6296422 0.395273008 0.110429157 0.999882588 0.0152881319 -0.0010412124 5.5 1 1
30.1318138 0.402967735 0.109865723 0.999881394 0.0153541907 -0.00120283283 5.5 1 1
30.6339845 0.410695634 0.109221119 0.99988017 0.0154202491 -0.00136445338 5.5 1 1
31.1361543 0.418456706 0.108495345 0.999878915 0.0154863071 -0.00152607405 5.5 1 1
31.6383233 0.426250951 0.1076884 0.99987763 0.0155523647 -0.00168769481 5.5 1 1
32.1404914 0.434078369 0.106800284 0.999876315 0.0156184219 -0.00184931565 5.5 1 1
32.6426587 0.441938959 0.105830998 0.999874969 0.0156844786 -0.00201093656 5.5 1 1
33.1448251 0.449832723 0.104780542 0.999873592 0.0157505349 -0.00217255752 5.5 1 1
33.6469907 0.457759659 0.103648915 0.999872185 0.0158165908 -0.00233417852 5.5 1 1
34.1491553 0.465719768 0.102436118 0.999870748 0.0158826462 -0.00249579954 5.5 1 1
34.6513192 0.473713049 0.10114215 0.99986928 0.0159487012 -0.00265742057 5.5 1 1
35.1534822 0.481739504 0.0997670118 0.999867782 0.0160147558 -0.00281904159 5.5 1 1
35.6556443 0.489799131 0.0983107031 0.999866253 0.0160808098 -0.00298066258 5.5 1 1
36.1578055 0.497891931 0.0967732239 0.999864693 0.0161468634 -0.00314228354 5.5 1 1
36.6599659 0.506017904 0.0951545742 0.999863103 0.0162129165 -0.00330390445 5.5 1 1
37.1621255 0.51417705 0.0934547541 0.999861483 0.0162789692 -0.00346552529 5.5 1 1
37.6642841 0.522369368 0.0916737635 0.999859832 0.0163450213 -0.00362714605 5.5 1 1
38.166442 0.53059486 0.0898116024 0.999858151 0.016411073 -0.00378876671 5.5 1 1
38.6685989 0.538853524 0.0878682709 0.999856439 0.0164771241 -0.00395038726 5.5 1 1
39.170755 0.547145361 0.0858437689 0.999854697 0.0165431748 -0.00411200768 5.5 1 1
39.6729103 0.55547037 0.0837380964 0.999852924 0.0166092249 -0.00427362797 5.5 1 1
40.1750647 0.563828553 0.0815512534 0.999851121 0.0166752746 -0.0044352481 5.5 1 1
40.6772182 0.572219908 0.07928324 0.999849287 0.0167413237 -0.00459686805 5.5 1 1
41.1793708 0.580644436 0.0769340561 0.999847423 0.0168073723 -0.00475848783 5.5 1 1
41.6815227 0.589102137 0.0745037017 0.999845528 0.0168734203 -0.0049201074 5.5 1 1
42.1836736 0.597593011 0.0719921769 0.999843603 0.0169394678 -0.00508172676 5.5 1 1
42.6858237 0.606117057 0.0693994816 0.999841647 0.0170055148 -0.00524334589 5.5 1 1
43.1879729 0.614674277 0.0667256158 0.999839661 0.0170715612 -0.00540496478 5.5 1 1
43.6901213 0.623264669 0.0639705795 0.999837645 0.017137607 -0.0055665834 5.5 1 1
44.1922688 0.631888233 0.0611343728 0.999835598 0.0172036523 -0.00572820175 5.5 1 1
44.6944155 0.640544971 0.0582169956 0.99983352 0.017269697 -0.00588981982 5.5 1 1
45.1965613 0.649234882 0.0552184479 0.999831412 0.0173357411 -0.00605143758 5.5 1 1
45.6987062 0.657957965 0.0521387298 0.999829273 0.0174017847 -0.00621305502 5.5 1 1
46.2008503 0.666714221 0.0489778411 0.999827104 0.0174678276 -0.00637467213 5.5 1 1
46.7029935 0.67550365 0.045735782 0.999824905 0.01753387 -0.00653628889 5.5 1 1
47.2051359 0.684326252 0.0424125525 0.999822675 0.0175999118 -0.00669790529 5.5 1 1
47.7072774 0.693182026 0.0390081525 0.999820414 0.0176659529 -0.00685952131 5.5 1 1
48.209418 0.702070973 0.035522582 0.999818123 0.0177319935 -0.00702113694 5.5 1 1
48.7115578 0.710993093 0.031955841 0.999815802 0.0177980334 -0.00718275217 5.5 1 1
49.2136967 0.719948386 0.0283079295 0.99981345 0.0178640727 -0.00734436697 5.5 1 1
49.7158348 0.728936852 0.0245788476 0.999811068 0.0179301113 -0.00750598134 5.5 1 1
50.217972 0.73795849 0.0207685952 0.999808655 0.0179961494 -0.00766759525 5.5 1 1
50.7201084 0.747013302 0.0168771724 0.999806212 0.0180621868 -0.0078292087 5.5 1 1
51.2222438 0.756101286 0.012904579 0.999803738 0.0181282235 -0.00799082167 5.5 1 1
51.7243785 0.765222443 0.00885081523 0.999801234 0.0181942596 -0.00815243414 5.5 1 1
52.2265123 0.774376772 0.00471588095 0.999798699 0.018260295 -0.0083140461 5.5 1 1
52.7286452 0.783564275 0.000499776208 0.999796134 0.0183263297 -0.00847565754 5.5 1 1
53.2307772 0.79278495 -0.00379749901 0.999793538 0.0183923638 -0.00863726844 5.5 1 1
53.7329084 0.802038798 -0.0081759447 0.999790912 0.0184583972 -0.00879887878 5.5 1 1
54.2350388 0.811325819 -0.0126355609 0.999788255 0.0185244299 -0.00896048855 5.5 1 1
54.7371682 0.820646013 -0.0171763475 0.999785568 0.0185904619 -0.00912209774 5.5 1 1
55.2392969 0.829999379 -0.0217983046 0.99978285 0.0186564933 -0.00928370633 5.5 1 1
55.7414246 0.839385918 -0.0265014322 0.999780102 0.0187225239 -0.00944531431 5.5 1 1
56.2435515 0.84880563 -0.0312857302 0.999777324 0.0187885538 -0.00960692166 5.5 1 1
56.7456776 0.858258515 -0.0361511987 0.999774515 0.018854583 -0.00976852836 5.5 1 1
57.2478028 0.867744573 -0.0410978377 0.999771675 0.0189206114 -0.00993013441 5.5 1 1
57.7499271 0.877263803 -0.0461256472 0.999768805 0.0189866392 -0.0100917398 5.5 1 1
-1.71758088e-15 1.34186006e-17 0 0.999899056 0.011390168 0.00849363922 5.5 2 1
0.502222231 0.00573753133 0.00422562429 0.999899661 0.0114562398 0.00833205235 5.5 2 1
1.0044436 0.0115082355 0.00837007812 0.999900235 0.0115223116 0.00817046447 5.5 2 1
1.50666412 0.0173121124 0.0124333615 0.999900779 0.0115883833 0.00800887561 5.5 2 1
2.00888377 0.0231491621 0.0164154743 0.999901292 0.011654455 0.00784728579 5.5 2 1
2.51110257 0.0290193847 0.0203164168 0.999901775 0.0117205266 0.00768569501 5.5 2 1
3.0133205 0.03492278 0.0241361887 0.999902227 0.0117865982 0.0075241033 5.5 2 1
3.51553758 0.0408593481 0.0278747902 0.999902649 0.0118526696 0.00736251066 5.5 2 1
4.0177538 0.0468290891 0.0315322211 0.999903041 0.011918741 0.00720091711 5.5 2 1
4.51996916 0.0528320028 0.0351084817 0.999903401 0.0119848123 0.00703932267 5.5 2 1
5.02218366 0.0588680893 0.0386035717 0.999903732 0.0120508835 0.00687772735 5.5 2 1
5.52439731 0.0649373486 0.0420174913 0.999904032 0.0121169546 0.00671613116 5.5 2 1
6.02661009 0.0710397808 0.0453502404 0.999904301 0.0121830256 0.00655453413 5.5 2 1
6.52882202 0.0771753857 0.048601819 0.99990454 0.0122490965 0.00639293626 5.5 2 1
7.03103308 0.0833441634 0.0517722272 0.999904749 0.0123151673 0.00623133757 5.5 2 1
7.53324329 0.089546114 0.0548614649 0.999904927 0.0123812379 0.00606973808 5.5 2 1
8.03545264 0.0957812373 0.0578695321 0.999905075 0.0124473084 0.0059081378 5.5 2 1
8.53766113 0.102049533 0.0607964289 0.999905192 0.0125133788 0.00574653674 5.5 2 1
9.03986876 0.108351002 0.0636421551 0.999905278 0.012579449 0.00558493492 5.5 2 1
9.54207553 0.114685644 0.0664067109 0.999905335 0.0126455191 0.00542333235 5.5 2 1
10.0442814 0.121053459 0.0690900963 0.99990536 0.0127115891 0.00526172906 5.5 2 1
10.5464865 0.127454446 0.0716923111 0.999905356 0.0127776588 0.00510012504 5.5 2 1
11.0486907 0.133888606 0.0742133555 0.99990532 0.0128437284 0.00493852033 5.5 2 1
11.550894 0.140355939 0.0766532295 0.999905255 0.0129097979 0.00477691492 5.5 2 1
12.0530965 0.146856445 0.0790119329 0.999905158 0.0129758671 0.00461530885 5.5 2 1
12.5552981 0.153390123 0.0812894659 0.999905032 0.0130419362 0.00445370212 5.5 2 1
13.0574989 0.159956975 0.0834858284 0.999904875 0.0131080051 0.00429209474 5.5 2 1
13.5596988 0.166556999 0.0856010204 0.999904687 0.0131740738 0.00413048674 5.5 2 1
14.0618978 0.173190196 0.087635042 0.999904469 0.0132401423 0.00396887813 5.5 2 1
14.564096 0.179856565 0.0895878931 0.99990422 0.0133062105 0.00380726891 5.5 2 1
15.0662934 0.186556108 0.0914595737 0.999903941 0.0133722786 0.00364565912 5.5 2 1
15.5684898 0.193288823 0.0932500838 0.999903631 0.0134383464 0.00348404875 5.5 2 1
16.0706854 0.200054711 0.0949594235 0.999903291 0.013504414 0.00332243783 5.5 2 1
16.5728802 0.206853772 0.0965875927 0.999902921 0.0135704814 0.00316082637 5.5 2 1
17.0750741 0.213686006 0.0981345914 0.99990252 0.0136365486 0.00299921439 5.5 2 1
17.5772671 0.220551412 0.0996004197 0.999902088 0.0137026155 0.00283760189 5.5 2 1
18.0794593 0.227449992 0.100985077 0.999901626 0.0137686821 0.00267598891 5.5 2 1
18.5816506 0.234381744 0.102288565 0.999901134 0.0138347485 0.00251437544 5.5 2 1
19.083841 0.241346669 0.103510882 0.999900611 0.0139008146 0.00235276151 5.5 2 1
19.5860306 0.248344766 0.104652028 0.999900058 0.0139668805 0.00219114712 5.5 2 1
58.2520506 0.886816207 -0.0512346271 0.999765905 0.0190526662 -0.0102533445 5.5 2 1
58.7541732 0.896401783 -0.0564247775 0.999762974 0.0191186925 -0.0104149485 5.5 2 1
59.2562949 0.906020532 -0.0616960984 0.999760013 0.019184718 -0.0105765517 5.5 2 1
59.7584158 0.915672453 -0.0670485898 0.999757021 0.0192507428 -0.0107381543 5.5 2 1
60.2605358 0.925357548 -0.0724822516 0.999753999 0.0193167668 -0.010899756 5.5 2 1
60.762655 0.935075815 -0.0779970839 0.999750946 0.01938279 -0.0110613571 5.5 2 1
61.2647733 0.944827255 -0.0835930866 0.999747863 0.0194488125 -0.0112229573 5.5 2 1
61.7668908 0.954611868 -0.0892702599 0.999744749 0.0195148342 -0.0113845568 5.5 2 1
62.2690074 0.964429654 -0.0950286036 0.999741605 0.0195808551 -0.0115461554 5.5 2 1
62.7711231 0.974280612 -0.100868118 0.99973843 0.0196468752 -0.0117077533 5.5 2 1
63.273238 0.984164743 -0.106788802 0.999735225 0.0197128946 -0.0118693503 5.5 2 1
63.775352 0.994082047 -0.112790658 0.99973199 0.0197789131 -0.0120309464 5.5 2 1
64.2774652 1.00403252 -0.118873683 0.999728724 0.0198449308 -0.0121925417 5.5 2 1
64.7795775 1.01401617 -0.125037879 0.999725427 0.0199109478 -0.0123541361 5.5 2 1
65.2816889 1.024033 -0.131283246 0.9997221 0.0199769639 -0.0125157296 5.5 2 1
65.7837995 1.03408299 -0.137609783 0.999718743 0.0200429791 -0.0126773222 5.5 2 1
66.2859092 1.04416616 -0.14401749 0.999715355 0.0201089936 -0.0128389139 5.5 2 1
66.7880181 1.0542825 -0.150506368 0.999711936 0.0201750072 -0.0130005046 5.5 2 1
67.2901261 1.06443201 -0.157076417 0.999708488 0.0202410199 -0.0131620944 5.5 2 1
67.7922333 1.0746147 -0.163727635 0.999705008 0.0203070319 -0.0133236832 5.5 2 1
68.2943396 1.08483056 -0.170460025 0.999701499 0.0203730429 -0.0134852711 5.5 2 1
68.796445 1.09507959 -0.177273585 0.999697959 0.0204390531 -0.0136468579 5.5 2 1
69.2985496 1.1053618 -0.184168315 0.999694388 0.0205050625 -0.0138084437 5.5 2 1
69.8006533 1.11567717 -0.191144216 0.999690787 0.0205710709 -0.0139700285 5.5 2 1
70.3027561 1.12602572 -0.198201287 0.999687155 0.0206370785 -0.0141316123 5.5 2 1
70.8048581 1.13640745 -0.205339529 0.999683493 0.0207030852 -0.014293195 5.5 2 1
71.3069593 1.14682234 -0.212558941 0.999679801 0.020769091 -0.0144547766 5.5 2 1
71.8090596 1.15727041 -0.219859524 0.999676078 0.0208350959 -0.0146163571 5.5 2 1
72.311159 1.16775165 -0.227241277 0.999672325 0.0209010999 -0.0147779366 5.5 2 1
72.8132575 1.17826607 -0.2347042 0.999668541 0.020967103 -0.0149395149 5.5 2 1
73.3153552 1.18881366 -0.242248294 0.999664727 0.0210331052 -0.0151010921 5.5 2 1
73.8174521 1.19939442 -0.249873559 0.999660882 0.0210991065 -0.0152626681 5.5 2 1
74.3195481 1.21000835 -0.257579994 0.999657007 0.0211651068 -0.015424243 5.5 2 1
74.8216432 1.22065545 -0.265367599 0.999653101 0.0212311062 -0.0155858167 5.5 2 1
75.3237375 1.23133573 -0.273236375 0.999649165 0.0212971047 -0.0157473892 5.5 2 1
75.8258309 1.24204918 -0.281186322 0.999645198 0.0213631022 -0.0159089605 5.5 2 1
76.3279234 1.25279581 -0.289217439 0.999641202 0.0214290987 -0.0160705306 5.5 2 1
76.8300151 1.26357561 -0.297329726 0.999637174 0.0214950943 -0.0162320995 5.5 2 1
77.332106 1.27438858 -0.305523184 0.999633116 0.021561089 -0.0163936671 5.5 2 1
77.8341959 1.28523472 -0.313797812 0.999629028 0.0216270827 -0.0165552335 5.5 2 1
-8.91487429 18.0059523 -0.463444577 -0.467995811 0.88358231 -0.0161932934 5 1 2
-9.14986306 18.4488816 -0.471478846 -0.46920893 0.882944953 -0.0158489642 5 1 2
-9.38544291 18.8914588 -0.479339854 -0.470421287 0.882305741 -0.0155045535 5 1 2
-9.62161382 19.3336838 -0.487027602 -0.471632876 0.881664677 -0.0151600632 5 1 2
-9.8583758 19.7755566 -0.494542088 -0.472843689 0.881021763 -0.0148154955 5 1 2
-10.0957289 20.2170772 -0.501883314 -0.474053717 0.880377003 -0.0144708522 5 1 2
-10.333673 20.6582457 -0.509051279 -0.475262954 0.8797304 -0.0141261356 5 1 2
-10.5722082 21.099062 -0.516045984 -0.476471393 0.879081957 -0.0137813476 5 1 2
-10.8113344 21.5395262 -0.522867427 -0.477679024 0.878431677 -0.0134364903 5 1 2
-11.0510517 21.9796382 -0.52951561 -0.478885841 0.877779563 -0.0130915657 5 1 2
-11.2913601 22.419398 -0.535990532 -0.480091837 0.87712562 -0.0127465759 5 1 2
-11.5322596 22.8588056 -0.542292193 -0.481297003 0.876469849 -0.012401523 5 1 2
-11.7737501 23.2978611 -0.548420594 -0.482501333 0.875812256 -0.0120564089 5 1 2
-12.0158317 23.7365644 -0.554375734 -0.483704818 0.875152842 -0.0117112359 5 1 2
-12.2585044 24.1749155 -0.560157613 -0.484907451 0.874491611 -0.0113660058 5 1 2
-12.5017682 24.6129145 -0.565766231 -0.486109225 0.873828567 -0.0110207209 5 1 2
-12.745623 25.0505612 -0.571201588 -0.487310132 0.873163714 -0.0106753831 5 1 2
-12.9900688 25.4878559 -0.576463685 -0.488510165 0.872497054 -0.0103299946 5 1 2
-13.2351058 25.9247983 -0.581552521 -0.489709316 0.871828592 -0.00998455728 5 1 2
-13.4807338 26.3613886 -0.586468096 -0.490907579 0.871158331 -0.00963907336 5 1 2
-13.7269529 26.7976267 -0.591210411 -0.492104944 0.870486274 -0.00929354487 5 1 2
-13.9737631 27.2335127 -0.595779465 -0.493301406 0.869812426 -0.00894797388 5 1 2
-14.2211643 27.6690464 -0.600175257 -0.494496956 0.86913679 -0.00860236246 5 1 2
-14.4691566 28.104228 -0.60439779 -0.495691588 0.868459369 -0.00825671269 5 1 2
-14.7177399 28.5390575 -0.608447061 -0.496885294 0.867780168 -0.00791102664 5 1 2
-14.9669144 28.9735347 -0.612323072 -0.498078066 0.867099191 -0.00756530638 5 1 2
-15.2166799 29.4076598 -0.616025822 -0.499269898 0.86641644 -0.00721955399 5 1 2
-15.4670364 29.8414328 -0.619555311 -0.500460781 0.86573192 -0.00687377156 5 1 2
-15.7179841 30.2748535 -0.622911539 -0.501650709 0.865045636 -0.00652796116 5 1 2
-15.9695228 30.7079221 -0.626094507 -0.502839675 0.86435759 -0.00618212486 5 1 2
-16.2216526 31.1406385 -0.629104214 -0.504027671 0.863667786 -0.00583626476 5 1 2
-16.4743734 31.5730028 -0.63194066 -0.505214689 0.86297623 -0.00549038292 5 1 2
-16.7276853 32.0050148 -0.634603845 -0.506400724 0.862282924 -0.00514448143 5 1 2
-16.9815883 32.4366748 -0.63709377 -0.507585766 0.861587873 -0.00479856237 5 1 2
-17.2360824 32.8679825 -0.639410434 -0.50876981 0.860891082 -0.00445262783 5 1 2
-17.4911675 33.2989381 -0.641553837 -0.509952848 0.860192553 -0.00410667988 5 1 2
-17.7468437 33.7295415 -0.643523979 -0.511134873 0.859492291 -0.00376072062 5 1 2
-18.0031109 34.1597927 -0.645320861 -0.512315878 0.858790301 -0.00341475211 5 1 2
-18.2599693 34.5896918 -0.646944482 -0.513495856 0.858086586 -0.00306877645 5 1 2
-18.5174187 35.0192387 -0.648394842 -0.514674799 0.857381151 -0.00272279572 5 1 2
-18.7754591 35.4484334 -0.649671941 -0.5158527 0.856674 -0.00237681201 5 1 2
-19.0340907 35.8772759 -0.650775779 -0.517029553 0.855965137 -0.00203082738 5 1 2
-19.2933133 36.3057663 -0.651706357 -0.518205351 0.855254568 -0.00168484394 5 1 2
-19.553127 36.7339045 -0.652463674 -0.519380086 0.854542295 -0.00133886376 5 1 2
-19.8135317 37.1616906 -0.65304773 -0.520553751 0.853828324 -0.000992888926 5 1 2
-20.0745275 37.5891244 -0.653458526 -0.521726339 0.853112659 -0.00064692152 5 1 2
-20.3361144 38.0162062 -0.653696061 -0.522897844 0.852395304 -0.000300963625 5 1 2
-20.5982924 38.4429357 -0.653760335 -0.524068258 0.851676264 4.49826761e-05 5 1 2
-20.8610614 38.8693131 -0.653651348 -0.525237575 0.850955544 0.000390915302 5 1 2
-21.1244215 39.2953383 -0.6533691 -0.526405787 0.850233147 0.000736832172 5 1 2
-21.3883726 39.7210113 -0.652913592 -0.527572889 0.849509079 0.0010827312 5 1 2
-21.6529149 40.1463321 -0.652284823 -0.528738872 0.848783344 0.00142861032 5 1 2
-21.9180482 40.5713008 -0.651482793 -0.52990373 0.848055947 0.00177446744 5 1 2
-22.1837725 40.9959173 -0.650507503 -0.531067456 0.847326892 0.00212030048 5 1 2
-22.450088 41.4201817 -0.649358951 -0.532230044 0.846596184 0.00246610737 5 1 2
-22.7169945 41.8440939 -0.648037139 -0.533391486 0.845863828 0.00281188603 5 1 2
-22.984492 42.2676539 -0.646542066 -0.534551776 0.845129829 0.00315763438 5 1 2
-23.2525807 42.6908617 -0.644873733 -0.535710907 0.844394191 0.00350335035 5 1 2
-23.5212604 43.1137174 -0.643032138 -0.536868873 0.84365692 0.00384903186 5 1 2
-23.7905312 43.5362209 -0.641017283 -0.538025667 0.842918019 0.00419467685 5 1 2
-24.060393 43.9583722 -0.638829167 -0.539181281 0.842177494 0.00454028323 5 1 2
-24.3308459 44.3801714 -0.636467791 -0.54033571 0.84143535 0.00488584894 5 1 2
-24.6018899 44.8016184 -0.633933153 -0.541488947 0.840691592 0.00523137192 5 1 2
-24.873525 45.2227132 -0.631225255 -0.542640985 0.839946224 0.00557685008 5 1 2
-25.1457511 45.6434559 -0.628344096 -0.543791818 0.839199252 0.00592228137 5 1 2
-25.4185683 46.0638464 -0.625289677 -0.544941439 0.838450681 0.00626766372 5 1 2
-25.6919766 46.4838847 -0.622061996 -0.546089841 0.837700516 0.00661299507 5 1 2
-25.9659759 46.9035708 -0.618661055 -0.547237019 0.836948761 0.00695827336 5 1 2
-26.2405663 47.3229048 -0.615086853 -0.548382965 0.836195421 0.00730349651 5 1 2
-26.5157478 47.7418866 -0.61133939 -0.549527673 0.835440503 0.00764866249 5 1 2
-26.7915203 48.1605163 -0.607418667 -0.550671137 0.834684011 0.00799376922 5 1 2
-27.0678839 48.5787937 -0.603324683 -0.55181335 0.83392595 0.00833881466 5 1 2
-27.3448386 48.996719 -0.599057438 -0.552954307 0.833166326 0.00868379676 5 1 2
-27.6223844 49.4142922 -0.594616932 -0.554093999 0.832405143 0.00902871345 5 1 2
-27.9005212 49.8315131 -0.590003166 -0.555232423 0.831642407 0.0093735627 5 1 2
-28.1792491 50.2483819 -0.585216138 -0.55636957 0.830878123 0.00971834245 5 1 2
-28.458568 50.6648985 -0.58025585 -0.557505435 0.830112297 0.0100630507 5 1 2
-28.7384781 51.081063 -0.575122302 -0.558640011 0.829344933 0.0104076853 5 1 2
-29.0189792 51.4968753 -0.569815492 -0.559773292 0.828576038 0.0107522443 5 1 2
-29.3000713 51.9123354 -0.564335422 -0.560905273 0.827805616 0.0110967257 5 1 2
-29.5817545 52.3274433 -0.558682091 -0.562035946 0.827033673 0.0114411273 5 1 2
-29.8640288 52.7421991 -0.552855499 -0.563165306 0.826260214 0.0117854473 5 1 2
-30.1468942 53.1566027 -0.546855646 -0.564293347 0.825485245 0.0121296834 5 2 2
-30.4303507 53.5706541 -0.540682533 -0.565420062 0.824708771 0.0124738338 5 2 2
-30.7143982 53.9843534 -0.534336159 -0.566545446 0.823930798 0.0128178964 5 2 2
-30.9990367 54.3977005 -0.527816524 -0.567669492 0.823151331 0.0131618691 5 2 2
-31.2842664 54.8106954 -0.521123628 -0.568792194 0.822370375 0.01350575 5 2 2
-31.5700871 55.2233382 -0.514257472 -0.569913547 0.821587938 0.0138495371 5 2 2
-31.8564989 55.6356288 -0.507218055 -0.571033545 0.820804022 0.0141932282 5 2 2
-32.1435018 56.0475672 -0.500005377 -0.57215218 0.820018636 0.0145368214 5 2 2
-32.4310957 56.4591534 -0.492619438 -0.573269449 0.819231784 0.0148803148 5 2 2
-32.7192807 56.8703875 -0.485060239 -0.574385344 0.818443471 0.0152237062 5 2 2
-33.0080567 57.2812694 -0.477327779 -0.57549986 0.817653704 0.0155669937 5 2 2
-33.2974239 57.6917992 -0.469422058 -0.576612992 0.816862488 0.0159101753 5 2 2
-33.5873821 58.1019767 -0.461343076 -0.577724732 0.816069829 0.0162532491 5 2 2
-33.8779313 58.5118021 -0.453090834 -0.578835077 0.815275732 0.0165962129 5 2 2
-34.1690717 58.9212754 -0.444665331 -0.579944019 0.814480204 0.0169390648 5 2 2
-34.4608031 59.3303964 -0.436066567 -0.581051553 0.81368325 0.0172818028 5 2 2
-34.7531256 59.7391653 -0.427294542 -0.582157674 0.812884876 0.017624425 5 2 2
-35.0460391 60.1475821 -0.418349257 -0.583262375 0.812085088 0.0179669294 5 2 2
-35.3395437 60.5556466 -0.40923071 -0.584365652 0.811283892 0.0183093139 5 2 2
-35.6336394 60.963359 -0.399938903 -0.585467499 0.810481293 0.0186515767 5 2 2
-35.9283261 61.3707192 -0.390473836 -0.586567909 0.809677298 0.0189937157 5 2 2
-36.223604 61.7777273 -0.380835507 -0.587666879 0.808871912 0.019335729 5 2 2
-36.5194729 62.1843831 -0.371023918 -0.588764401 0.808065141 0.0196776147 5 2 2
-36.8159328 62.5906868 -0.361039068 -0.589860471 0.807256991 0.0200193707 5 2 2
-37.1129839 62.9966384 -0.350880957 -0.590955083 0.806447469 0.0203609951 5 2 2
-37.4106259 63.4022377 -0.340549586 -0.592048232 0.80563658 0.020702486 5 2 2
-37.7088591 63.8074849 -0.330044953 -0.593139912 0.80482433 0.0210438414 5 2 2
-38.0076834 64.21238 -0.31936706 -0.594230118 0.804010725 0.0213850594 5 2 2
-38.3070987 64.6169228 -0.308515906 -0.595318846 0.803195771 0.021726138 5 2 2
-38.607105 65.0211135 -0.297491492 -0.596406088 0.802379475 0.0220670753 5 2 2
-38.9077025 65.424952 -0.286293817 -0.597491841 0.801561842 0.0224078695 5 2 2
-39.208891 65.8284384 -0.27492288 -0.598576099 0.800742879 0.0227485184 5 2 2
-39.5106706 66.2315726 -0.263378684 -0.599658857 0.799922591 0.0230890204 5 2 2
-39.8130412 66.6343546 -0.251661226 -0.60074011 0.799100986 0.0234293733 5 2 2
-40.1160029 67.0367844 -0.239770508 -0.601819852 0.798278068 0.0237695754 5 2 2
-40.4195557 67.4388621 -0.227706529 -0.602898078 0.797453844 0.0241096246 5 2 2
-40.7236996 67.8405876 -0.215469289 -0.603974784 0.796628321 0.0244495192 5 2 2
-41.0284345 68.2419609 -0.203058788 -0.605049965 0.795801504 0.0247892572 5 2 2
-41.3337605 68.6429821 -0.190475027 -0.606123614 0.794973399 0.0251288366 5 2 2
-41.6396776 69.0436511 -0.177718004 -0.607195728 0.794144014 0.0254682557 5 2 2
0 -8.52473004e-16 8.32493168e-18 -0.418935654 0.907524277 -0.0298764959 5 2 2
-0.21134601 0.457016111 -0.0149646992 -0.420172866 0.906963243 -0.0295370688 5 2 2
-0.423283089 0.913680053 -0.0297561377 -0.421409628 0.906400261 -0.0291974811 5 2 2
-0.635811237 1.36999183 -0.0443743154 -0.422645932 0.905835331 -0.0288577347 5 2 2
-0.848930454 1.82595143 -0.0588192324 -0.423881771 0.905268456 -0.0285178315 5 2 2
-1.06264074 2.28155886 -0.0730908885 -0.425117136 0.904699637 -0.0281777734 5 2 2
-1.2769421 2.73681413 -0.087189284 -0.42635202 0.904128876 -0.0278375623 5 2 2
-1.49183452 3.19171722 -0.101114419 -0.427586414 0.903556175 -0.0274972002 5 2 2
-1.70731801 3.64626815 -0.114866293 -0.428820312 0.902981536 -0.0271566889 5 2 2
-1.92339258 4.1004669 -0.128444906 -0.430053704 0.90240496 -0.0268160304 5 2 2
-2.14005821 4.55431349 -0.141850258 -0.431286584 0.901826449 -0.0264752266 5 2 2
-2.35731491 5.0078079 -0.15508235 -0.432518943 0.901246006 -0.0261342795 5 2 2
-2.57516268 5.46095015 -0.168141181 -0.433750774 0.900663631 -0.0257931909 5 2 2
-2.79360152 5.91374023 -0.181026751 -0.434982069 0.900079328 -0.0254519629 5 2 2
-3.01263143 6.36617814 -0.19373906 -0.436212819 0.899493098 -0.0251105974 5 2 2
-3.2322524 6.81826388 -0.206278109 -0.437443018 0.898904944 -0.0247690963 5 2 2
-3.45246445 7.26999745 -0.218643897 -0.438672657 0.898314867 -0.0244274616 5 2 2
-3.67326756 7.72137885 -0.230836424 -0.439901728 0.897722869 -0.0240856953 5 2 2
-3.89466175 8.17240808 -0.24285569 -0.441130224 0.897128953 -0.0237437993 5 2 2
-4.116647 8.62308514 -0.254701696 -0.442358136 0.896533121 -0.0234017755 5 2 2
-4.33922333 9.07341003 -0.26637444 -0.443585458 0.895935375 -0.023059626 5 2 2
-4.56239072 9.52338275 -0.277873924 -0.444812181 0.895335717 -0.0227173527 5 2 2
-4.78614918 9.9730033 -0.289200148 -0.446038297 0.89473415 -0.0223749577 5 2 2
-5.01049871 10.4222717 -0.30035311 -0.447263799 0.894130676 -0.0220324428 5 2 2
-5.23543931 10.8711879 -0.311332812 -0.448488678 0.893525298 -0.0216898101 5 2 2
-5.46097098 11.3197519 -0.322139253 -0.449712928 0.892918017 -0.0213470615 5 2 2
-5.68709371 11.7679638 -0.332772433 -0.45093654 0.892308837 -0.0210041991 5 2 2
-5.91380752 12.2158235 -0.343232353 -0.452159506 0.89169776 -0.0206612248 5 2 2
-6.14111239 12.6633311 -0.353519012 -0.45338182 0.891084788 -0.0203181407 5 2 2
-6.36900834 13.1104864 -0.36363241 -0.454603472 0.890469924 -0.0199749487 5 2 2
-6.59749535 13.5572896 -0.373572547 -0.455824455 0.88985317 -0.0196316508 5 2 2
-6.82657344 14.0037406 -0.383339423 -0.457044762 0.88923453 -0.0192882491 5 2 2
-7.05624259 14.4498395 -0.392933039 -0.458264385 0.888614005 -0.0189447456 5 2 2
-7.28650281 14.8955862 -0.402353394 -0.459483316 0.887991599 -0.0186011422 5 2 2
-7.5173541 15.3409807 -0.411600488 -0.460701547 0.887367314 -0.0182574411 5 2 2
-7.74879646 15.7860231 -0.420674322 -0.461919071 0.886741153 -0.0179136441 5 2 2
-7.98082989 16.2307132 -0.429574894 -0.46313588 0.886113119 -0.0175697534 5 2 2
-8.21345438 16.6750513 -0.438302206 -0.464351966 0.885483215 -0.0172257709 5 2 2
-8.44666995 17.1190371 -0.446856257 -0.465567322 0.884851443 -0.0168816987 5 2 2
-8.68047659 17.5626708 -0.455237048 -0.46678194 0.884217807 -0.0165375389 5 2 2
-10.2977485 -17.2600181 0.152043516 -0.52262208 -0.85253972 0.00649524084 3 1 3
-10.5603884 -17.6881678 0.155292644 -0.523133954 -0.852226126 0.00644172704 3 1 3
-10.8232818 -18.1161541 0.158514848 -0.523645652 -0.851912215 0.00638820943 3 1 3
-11.0864286 -18.5439769 0.161710126 -0.524157173 -0.851597986 0.00633468808 3 1 3
-11.3498289 -18.9716362 0.16487848 -0.524668517 -0.851283439 0.00628116304 3 1 3
-11.6134827 -19.3991321 0.168019909 -0.525179684 -0.850968575 0.00622763437 3 1 3
-11.87739 -19.8264646 0.171134412 -0.525690672 -0.850653395 0.00617410212 3 1 3
-12.1415508 -20.2536336 0.174221991 -0.526201481 -0.850337897 0.00612056637 3 1 3
-12.405965 -20.6806391 0.177282646 -0.526712111 -0.850022084 0.00606702716 3 1 3
-12.6706327 -21.1074812 0.180316375 -0.527222561 -0.849705955 0.00601348455 3 1 3
-12.9355538 -21.5341599 0.183323179 -0.52773283 -0.84938951 0.0059599386 3 1 3
-13.2007284 -21.9606751 0.186303059 -0.528242918 -0.849072749 0.00590638938 3 1 3
-13.4661566 -22.3870268 0.189256013 -0.528752825 -0.848755674 0.00585283693 3 1 3
-13.7318381 -22.8132151 0.192182043 -0.529262549 -0.848438285 0.00579928132 3 1 3
-13.9977732 -23.23924 0.195081148 -0.52977209 -0.848120581 0.0057457226 3 1 3
-14.2639617 -23.6651014 0.197953328 -0.530281448 -0.847802563 0.00569216083 3 1 3
-14.5304037 -24.0907993 0.200798584 -0.530790622 -0.847484231 0.00563859607 3 1 3
-14.7970992 -24.5163338 0.203616914 -0.531299611 -0.847165586 0.00558502839 3 1 3
-15.0640481 -24.9417049 0.206408319 -0.531808415 -0.846846629 0.00553145783 3 1 3
-15.3312505 -25.3669125 0.2091728 -0.532317034 -0.846527358 0.00547788445 3 1 3
-15.5987064 -25.7919566 0.211910356 -0.532825466 -0.846207776 0.00542430832 3 1 3
-15.8664158 -26.2168373 0.214620987 -0.533333711 -0.845887881 0.00537072949 3 1 3
-16.1343786 -26.6415545 0.217304693 -0.533841769 -0.845567675 0.00531714802 3 1 3
-16.4025949 -27.0661083 0.219961474 -0.53434964 -0.845247158 0.00526356398 3 1 3
-16.6710647 -27.4904987 0.22259133 -0.534857321 -0.844926329 0.0052099774 3 1 3
-16.939788 -27.9147256 0.225194262 -0.535364814 -0.84460519 0.00515638837 3 1 3
-17.2087647 -28.338789 0.227770268 -0.535872117 -0.844283741 0.00510279692 3 1 3
-17.4779949 -28.762689 0.23031935 -0.53637923 -0.843961982 0.00504920313 3 1 3
-17.7474785 -29.1864255 0.232841507 -0.536886152 -0.843639913 0.00499560705 3 1 3
-18.0172157 -29.6099986 0.235336739 -0.537392883 -0.843317536 0.00494200874 3 1 3
-18.2872063 -30.0334082 0.237805046 -0.537899422 -0.842994849 0.00488840826 3 1 3
-18.5574504 -30.4566544 0.240246428 -0.538405769 -0.842671854 0.00483480567 3 1 3
-18.827948 -30.8797371 0.242660886 -0.538911922 -0.84234855 0.00478120101 3 1 3
-19.098699 -31.3026564 0.245048418 -0.539417883 -0.842024939 0.00472759436 3 1 3
-19.3697035 -31.7254123 0.247409026 -0.539923649 -0.84170102 0.00467398578 3 1 3
-19.6409615 -32.1480046 0.249742709 -0.54042922 -0.841376794 0.00462037531 3 1 3
-19.9124729 -32.5704336 0.252049467 -0.540934597 -0.841052262 0.00456676302 3 1 3
-20.1842379 -32.992699 0.2543293 -0.541439777 -0.840727422 0.00451314896 3 1 3
-20.4562563 -33.4148011 0.256582208 -0.541944762 -0.840402277 0.00445953321 3 1 3
-20.7285281 -33.8367396 0.258808191 -0.542449549 -0.840076826 0.0044059158 3 1 3
-21.0010535 -34.2585148 0.26100725 -0.54295414 -0.83975107 0.00435229681 3 1 3
-21.2738323 -34.6801264 0.263179384 -0.543458532 -0.839425009 0.00429867629 3 1 3
-21.5468646 -35.1015747 0.265324592 -0.543962726 -0.839098643 0.0042450543 3 1 3
-21.8201503 -35.5228594 0.267442876 -0.544466721 -0.838771973 0.00419143089 3 1 3
-22.0936896 -35.9439808 0.269534235 -0.544970516 -0.838444998 0.00413780613 3 1 3
-22.3674823 -36.3649386 0.271598669 -0.545474111 -0.838117721 0.00408418008 3 1 3
-22.6415285 -36.785733 0.273636179 -0.545977506 -0.83779014 0.00403055279 3 1 3
-22.9158281 -37.206364 0.275646763 -0.546480699 -0.837462256 0.00397692432 3 1 3
-23.1903812 -37.6268315 0.277630423 -0.54698369 -0.837134069 0.00392329473 3 1 3
-23.4651878 -38.0471356 0.279587158 -0.54748648 -0.836805581 0.00386966408 3 1 3
-23.7402479 -38.4672762 0.281516967 -0.547989066 -0.836476791 0.00381603243 3 1 3
-24.0155615 -38.8872534 0.283419852 -0.548491449 -0.836147699 0.00376239983 3 1 3
-24.2911285 -39.3070671 0.285295813 -0.548993628 -0.835818307 0.00370876635 3 1 3
-24.566949 -39.7267174 0.287144848 -0.549495603 -0.835488613 0.00365513203 3 1 3
-24.8430229 -40.1462042 0.288966958 -0.549997372 -0.83515862 0.00360149696 3 1 3
-25.1193504 -40.5655275 0.290762144 -0.550498936 -0.834828326 0.00354786117 3 1 3
-25.3959313 -40.9846874 0.292530404 -0.551000294 -0.834497733 0.00349422473 3 1 3
-25.6727657 -41.4036839 0.29427174 -0.551501445 -0.834166841 0.00344058769 3 1 3
-25.9498535 -41.8225169 0.295986151 -0.55200239 -0.83383565 0.00338695012 3 1 3
-26.2271948 -42.2411865 0.297673637 -0.552503126 -0.83350416 0.00333331208 3 1 3
-26.5047896 -42.6596926 0.299334198 -0.553003654 -0.833172372 0.00327967362 3 1 3
-26.7826379 -43.0780352 0.300967835 -0.553503974 -0.832840287 0.0032260348 3 1 3
-27.0607397 -43.4962144 0.302574546 -0.554004084 -0.832507905 0.00317239568 3 1 3
-27.3390949 -43.9142302 0.304154333 -0.554503984 -0.832175225 0.00311875631 3 1 3
-27.6177036 -44.3320825 0.305707195 -0.555003674 -0.831842249 0.00306511677 3 1 3
-27.8965657 -44.7497713 0.307233132 -0.555503153 -0.831508977 0.0030114771 3 1 3
-28.1756814 -45.1672967 0.308732144 -0.55600242 -0.831175409 0.00295783736 3 1 3
-28.4550505 -45.5846587 0.310204231 -0.556501476 -0.830841545 0.00290419761 3 1 3
-28.7346731 -46.0018572 0.311649393 -0.557000319 -0.830507387 0.00285055792 3 1 3
-29.0145491 -46.4188922 0.31306763 -0.557498949 -0.830172933 0.00279691833 3 1 3
-29.2946787 -46.8357638 0.314458943 -0.557997365 -0.829838186 0.00274327892 3 1 3
-29.5750617 -47.252472 0.315823331 -0.558495567 -0.829503145 0.00268963972 3 1 3
-29.8556981 -47.6690167 0.317160794 -0.558993555 -0.82916781 0.00263600082 3 1 3
-30.1365881 -48.0853979 0.318471332 -0.559491328 -0.828832182 0.00258236225 3 1 3
-30.4177315 -48.5016157 0.319754945 -0.559988884 -0.828496261 0.00252872409 3 1 3
-30.6991284 -48.9176701 0.321011633 -0.560486225 -0.828160048 0.00247508639 3 1 3
-30.9807788 -49.333561 0.322241396 -0.560983349 -0.827823543 0.00242144921 3 1 3
-31.2626826 -49.7492884 0.323444235 -0.561480255 -0.827486747 0.0023678126 3 1 3
-31.5448399 -50.1648524 0.324620149 -0.561976944 -0.827149659 0.00231417663 3 1 3
-31.8272507 -50.5802529 0.325769137 -0.562473414 -0.826812281 0.00226054135 3 1 3
-32.1099149 -50.99549 0.326891201 -0.562969666 -0.826474612 0.00220690683 3 1 3
-32.3928327 -51.4105637 0.32798634 -0.563465698 -0.826136653 0.00215327311 3 1 3
-32.6760039 -51.8254738 0.329054555 -0.563961511 -0.825798405 0.00209964027 3 1 3
-32.9594286 -52.2402206 0.330095844 -0.564457103 -0.825459868 0.00204600835 3 1 3
-33.2431067 -52.6548039 0.331110208 -0.564952474 -0.825121041 0.00199237742 3 1 3
-33.5270383 -53.0692237 0.332097648 -0.565447623 -0.824781927 0.00193874754 3 1 3
-33.8112234 -53.4834801 0.333058163 -0.565942551 -0.824442524 0.00188511875 3 1 3
-34.095662 -53.897573 0.333991753 -0.566437256 -0.824102834 0.00183149113 3 1 3
-34.380354 -54.3115025 0.334898418 -0.566931738 -0.823762856 0.00177786473 3 1 3
-34.6652995 -54.7252685 0.335778158 -0.567425997 -0.823422592 0.0017242396 3 1 3
-34.9504985 -55.1388711 0.336630973 -0.567920032 -0.823082041 0.00167061582 3 1 3
-35.235951 -55.5523102 0.337456864 -0.568413842 -0.822741204 0.00161699342 3 1 3
-35.5216569 -55.9655859 0.338255829 -0.568907427 -0.822400082 0.00156337248 3 1 3
-35.8076163 -56.3786982 0.33902787 -0.569400787 -0.822058675 0.00150975305 3 1 3
-36.0938292 -56.7916469 0.339772986 -0.56989392 -0.821716983 0.00145613519 3 1 3
-36.3802955 -57.2044323 0.340491177 -0.570386827 -0.821375006 0.00140251896 3 1 3
-36.6670154 -57.6170541 0.341182443 -0.570879507 -0.821032745 0.00134890442 3 1 3
-36.9539886 -58.0295126 0.341846784 -0.571371959 -0.820690201 0.00129529162 3 1 3
-37.2412154 -58.4418075 0.3424842 -0.571864183 -0.820347374 0.00124168062 3 1 3
-37.5286957 -58.853939 0.343094692 -0.572356179 -0.820004264 0.00118807148 3 1 3
-37.8164294 -59.2659071 0.343678259 -0.572847945 -0.819660872 0.00113446427 3 1 3
-38.1044166 -59.6777117 0.3442349 -0.573339482 -0.819317198 0.00108085903 3 1 3
-38.3926572 -60.0893529 0.344764617 -0.573830788 -0.818973242 0.00102725582 3 1 3
-38.6811513 -60.5008306 0.345267409 -0.574321864 -0.818629005 0.000973654711 3 1 3
-38.9698989 -60.9121449 0.345743277 -0.574812709 -0.818284488 0.000920055753 3 1 3
-39.2589 -61.3232957 0.346192219 -0.575303322 -0.81793969 0.000866459005 3 1 3
-39.5481546 -61.7342831 0.346614236 -0.575793703 -0.817594613 0.000812864525 3 1 3
-39.8376626 -62.145107 0.347009329 -0.576283852 -0.817249256 0.000759272372 3 1 3
-40.1274241 -62.5557675 0.347377497 -0.576773767 -0.81690362 0.000705682603 3 1 3
-40.4174391 -62.9662645 0.34771874 -0.577263448 -0.816557705 0.000652095277 3 1 3
-40.7077075 -63.376598 0.348033058 -0.577752896 -0.816211513 0.000598510451 3 1 3
-40.9982294 -63.7867681 0.348320451 -0.578242109 -0.815865042 0.000544928184 3 1 3
-41.2890048 -64.1967748 0.348580919 -0.578731086 -0.815518294 0.000491348535 3 1 3
-41.5800337 -64.606618 0.348814462 -0.579219828 -0.81517127 0.00043777156 3 1 3
-41.871316 -65.0162978 0.349021081 -0.579708334 -0.814823969 0.000384197318 3 1 3
-42.1628518 -65.4258141 0.349200775 -0.580196603 -0.814476391 0.000330625866 3 1 3
-42.4546411 -65.8351669 0.349353543 -0.580684635 -0.814128539 0.000277057264 3 1 3
-42.7466838 -66.2443563 0.349479387 -0.58117243 -0.813780411 0.000223491568 3 1 3
-43.0389801 -66.6533823 0.349578307 -0.581659986 -0.813432008 0.000169928838 3 1 3
-43.3315297 -67.0622448 0.349650301 -0.582147304 -0.813083331 0.000116369129 3 1 3
-43.6243329 -67.4709439 0.34969537 -0.582634383 -0.81273438 6.28125016e-05 3 1 3
-43.9173896 -67.8794795 0.349713515 -0.583121222 -0.812385155 9.2590123e-06 3 1 3
-44.2106997 -68.2878516 0.349704734 -0.583607821 -0.812035658 -4.42912807e-05 3 1 3
-44.5042633 -68.6960603 0.349669029 -0.58409418 -0.811685887 -9.78383198e-05 3 1 3
-44.7980803 -69.1041056 0.349606399 -0.584580297 -0.811335845 -0.000151382047 3 1 3
-45.0921509 -69.5119874 0.349516844 -0.585066173 -0.810985531 -0.000204922404 3 1 3
-45.3864749 -69.9197057 0.349400364 -0.585551807 -0.810634945 -0.000258459334 3 1 3
-45.6810523 -70.3272606 0.34925696 -0.586037198 -0.810284089 -0.000311992779 3 1 3
-45.9758833 -70.7346521 0.34908663 -0.586522347 -0.809932962 -0.000365522681 3 1 3
-46.2709677 -71.1418801 0.348889376 -0.587007252 -0.809581565 -0.000419048982 3 1 3
-46.5663056 -71.5489446 0.348665196 -0.587491913 -0.809229899 -0.000472571625 3 1 3
0 -1.68665373e-15 3.29424556e-18 -0.502009421 -0.864819073 0.00863200966 3 2 3
-0.252500992 -0.434687745 0.00432612275 -0.502527861 -0.864518453 0.00857869539 3 2 3
-0.505255458 -0.869212038 0.00862532064 -0.503046148 -0.864217502 0.00852537502 3 2 3
-0.758263396 -1.30357288 0.0128975937 -0.503564281 -0.863916222 0.00847204859 3 2 3
-1.01152481 -1.73777027 0.0171429418 -0.504082261 -0.863614613 0.00841871617 3 2 3
-1.26503969 -2.17180421 0.0213613651 -0.504600086 -0.863312674 0.00836537781 3 2 3
-1.51880805 -2.6056747 0.0255528636 -0.505117756 -0.863010407 0.00831203357 3 2 3
-1.77282988 -3.03938174 0.0297174371 -0.50563527 -0.862707811 0.0082586835 3 2 3
-2.02710518 -3.47292533 0.0338550858 -0.506152628 -0.862404887 0.00820532768 3 2 3
-2.28163395 -3.90630547 0.0379658097 -0.50666983 -0.862101635 0.00815196614 3 2 3
-2.5364162 -4.33952216 0.0420496087 -0.507186873 -0.861798055 0.00809859895 3 2 3
-2.79145192 -4.77257539 0.0461064828 -0.507703759 -0.861494148 0.00804522616 3 2 3
-3.04674111 -5.20546518 0.050136432 -0.508220486 -0.861189914 0.00799184784 3 2 3
-3.30228378 -5.63819151 0.0541394564 -0.508737054 -0.860885353 0.00793846404 3 2 3
-3.55807992 -6.07075439 0.0581155559 -0.509253463 -0.860580465 0.00788507482 3 2 3
-3.81412953 -6.50315383 0.0620647306 -0.50976971 -0.860275251 0.00783168024 3 2 3
-4.07043262 -6.93538981 0.0659869804 -0.510285797 -0.859969711 0.00777828035 3 2 3
-4.32698917 -7.36746234 0.0698823053 -0.510801723 -0.859663845 0.00772487521 3 2 3
-4.5837992 -7.79937142 0.0737507054 -0.511317486 -0.859357654 0.00767146487 3 2 3
-4.84086271 -8.23111705 0.0775921806 -0.511833086 -0.859051138 0.00761804941 3 2 3
-5.09817968 -8.66269922 0.0814067309 -0.512348523 -0.858744297 0.00756462886 3 2 3
-5.35575013 -9.09411795 0.0851943564 -0.512863797 -0.858437131 0.0075112033 3 2 3
-5.61357405 -9.52537323 0.088955057 -0.513378905 -0.858129641 0.00745777278 3 2 3
-5.87165145 -9.95646505 0.0926888327 -0.513893849 -0.857821827 0.00740433735 3 2 3
-6.12998231 -10.3873934 0.0963956836 -0.514408627 -0.85751369 0.00735089708 3 2 3
-6.38856665 -10.8181583 0.10007561 -0.514923239 -0.857205229 0.00729745202 3 2 3
-6.64740447 -11.2487598 0.103728611 -0.515437685 -0.856896445 0.00724400223 3 2 3
-6.90649575 -11.6791978 0.107354687 -0.515951962 -0.856587339 0.00719054776 3 2 3
-7.16584051 -12.1094724 0.110953839 -0.516466072 -0.856277909 0.00713708868 3 2 3
-7.42543874 -12.5395835 0.114526065 -0.516980014 -0.855968158 0.00708362505 3 2 3
-7.68529044 -12.9695312 0.118071367 -0.517493786 -0.855658085 0.00703015691 3 2 3
-7.94539562 -13.3993154 0.121589744 -0.518007388 -0.85534769 0.00697668434 3 2 3
-8.20575427 -13.8289362 0.125081196 -0.518520821 -0.855036975 0.00692320738 3 2 3
-8.46636639 -14.2583935 0.128545723 -0.519034082 -0.854725938 0.00686972609 3 2 3
-8.72723199 -14.6876874 0.131983325 -0.519547172 -0.85441458 0.00681624054 3 2 3
-8.98835106 -15.1168178 0.135394002 -0.52006009 -0.854102902 0.00676275078 3 2 3
-9.2497236 -15.5457847 0.138777755 -0.520572835 -0.853790905 0.00670925686 3 2 3
-9.51134961 -15.9745883 0.142134582 -0.521085408 -0.853478587 0.00665575885 3 2 3
-9.7732291 -16.4032283 0.145464485 -0.521597806 -0.85316595 0.00660225681 3 2 3
-10.0353621 -16.8317049 0.148767463 -0.522110031 -0.852852994 0.00654875079 3 2 3
70.8480257 20.1753118 -0.299120755 -0.479725412 0.877412519 0.00328636617 4.5 1 4
70.6061466 20.6139154 -0.29744628 -0.486095081 0.873899316 0.00339975562 4.5 1 4
70.3613509 21.0502791 -0.295717227 -0.492425153 0.87034771 0.00351173118 4.5 1 4
70.1136547 21.4844065 -0.293934352 -0.49871494 0.866758494 0.00362227571 4.5 1 4
69.8630742 21.9163009 -0.292098412 -0.504963777 0.86313247 0.00373137259 4.5 1 4
69.6096256 22.345966 -0.290210161 -0.51117102 0.859470448 0.00383900575 4.5 1 4
69.3533249 22.7734051 -0.288270355 -0.517336051 0.855773244 0.00394515968 4.5 1 4
69.0941884 23.1986219 -0.286279751 -0.523458275 0.852041685 0.00404981944 4.5 1 4
68.8322322 23.6216199 -0.284239104 -0.529537118 0.848276602 0.00415297062 4.5 1 4
68.5674725 24.0424025 -0.28214917 -0.535572033 0.844478831 0.00425459938 4.5 1 4
68.2999253 24.4609733 -0.280010705 -0.541562495 0.840649214 0.00435469244 4.5 1 4
68.0296069 24.8773357 -0.277824464 -0.547508003 0.836788597 0.00445323708 4.5 1 4
67.7565334 25.2914933 -0.275591203 -0.55340808 0.832897828 0.00455022112 4.5 1 4
67.4807209 25.7034496 -0.273311679 -0.559262273 0.828977761 0.00464563297 4.5 1 4
67.2021856 26.113208 -0.270986647 -0.565070153 0.825029248 0.00473946155 4.5 1 4
66.9209436 26.5207722 -0.268616862 -0.570831313 0.821053145 0.00483169637 4.5 1 4
66.6370112 26.9261456 -0.266203081 -0.576545371 0.817050308 0.00492232745 4.5 1 4
66.3504044 27.3293317 -0.263746059 -0.582211969 0.813021592 0.00501134539 4.5 1 4
66.0611394 27.730334 -0.261246553 -0.587830772 0.808967853 0.0050987413 4.5 1 4
65.7692323 28.1291561 -0.258705317 -0.593401466 0.804889944 0.00518450683 4.5 1 4
65.4746993 28.5258014 -0.256123109 -0.598923762 0.800788717 0.00526863417 4.5 1 4
65.1775566 28.9202735 -0.253500682 -0.604397394 0.796665021 0.00535111601 4.5 1 4
64.8778203 29.3125758 -0.250838795 -0.609822118 0.792519702 0.00543194557 4.5 1 4
64.5755065 29.7027119 -0.248138201 -0.615197711 0.788353603 0.00551111657 4.5 1 4
64.2706314 30.0906853 -0.245399657 -0.620523974 0.784167562 0.00558862323 4.5 1 4
63.9632112 30.4764995 -0.242623919 -0.625800728 0.779962411 0.00566446027 4.5 1 4
63.653262 30.860158 -0.239811743 -0.631027817 0.775738978 0.00573862288 4.5 1 4
63.3407999 31.2416643 -0.236963884 -0.636205104 0.771498086 0.00581110674 4.5 1 4
63.0258411 31.6210219 -0.234081099 -0.641332473 0.76724055 0.00588190797 4.5 1 4
62.7084018 31.9982343 -0.231164142 -0.646409831 0.762967179 0.00595102318 4.5 1 4
62.388498 32.3733051 -0.22821377 -0.651437101 0.758678774 0.00601844941 4.5 1 4
62.066146 32.7462377 -0.225230739 -0.656414229 0.754376128 0.00608418412 4.5 1 4
61.7413619 33.1170356 -0.222215804 -0.661341178 0.750060028 0.00614822523 4.5 1 4
61.4141619 33.4857024 -0.219169722 -0.66621793 0.745731251 0.00621057105 4.5 1 4
61.084562 33.8522416 -0.216093247 -0.671044486 0.741390565 0.0062712203 4.5 1 4
60.7525785 34.2166566 -0.212987136 -0.675820866 0.737038728 0.00633017211 4.5 1 4
60.4182275 34.5789511 -0.209852145 -0.680547104 0.73267649 0.00638742598 4.5 1 4
60.0815252 34.9391284 -0.20668903 -0.685223255 0.728304592 0.00644298178 4.5 1 4
59.7424876 35.2971922 -0.203498545 -0.689849389 0.723923761 0.00649683975 4.5 1 4
59.401131 35.6531458 -0.200281448 -0.69442559 0.719534718 0.00654900048 4.5 1 4
59.0574715 36.0069929 -0.197038493 -0.698951962 0.71513817 0.0065994649 4.5 1 4
58.7115253 36.3587369 -0.193770438 -0.703428621 0.710734814 0.00664823426 4.5 1 4
58.3633084 36.7083813 -0.190478036 -0.7078557 0.706325337 0.00669531013 4.5 1 4
58.0128371 37.0559297 -0.187162045 -0.712233344 0.701910413 0.00674069438 4.5 1 4
57.6601275 37.4013856 -0.18382322 -0.716561713 0.697490705 0.00678438919 4.5 1 4
57.3051958 37.7447524 -0.180462317 -0.720840982 0.693066865 0.006826397 4.5 1 4
56.9480581 38.0860337 -0.177080091 -0.725071336 0.688639532 0.00686672054 4.5 1 4
56.5887305 38.4252329 -0.173677299 -0.729252976 0.684209335 0.00690536277 4.5 1 4
56.2272292 38.7623537 -0.170254696 -0.733386111 0.679776887 0.00694232694 4.5 1 4
55.8635703 39.0973994 -0.166813039 -0.737470966 0.675342793 0.0069776165 4.5 1 4
55.4977701 39.4303737 -0.163353082 -0.741507773 0.670907643 0.00701123513 4.5 1 4
55.1298446 39.76128 -0.159875582 -0.745496778 0.666472015 0.00704318675 4.5 1 4
54.75981 40.0901218 -0.156381294 -0.749438236 0.662036476 0.00707347545 4.5 1 4
54.3876825 40.4169026 -0.152870975 -0.753332412 0.657601579 0.00710210554 4.5 1 4
54.0134782 40.741626 -0.14934538 -0.75717958 0.653167865 0.00712908148 4.5 1 4
53.6372132 41.0642954 -0.145805264 -0.760980023 0.648735863 0.00715440793 4.5 1 4
53.2589038 41.3849144 -0.142251385 -0.764734033 0.644306088 0.00717808969 4.5 1 4
52.8785659 41.7034865 -0.138684497 -0.76844191 0.639879043 0.00720013173 4.5 1 4
52.4962159 42.0200152 -0.135105356 -0.772103962 0.635455219 0.00722053914 4.5 1 4
52.1118699 42.3345039 -0.131514718 -0.775720504 0.631035096 0.00723931715 4.5 1 4
51.7255439 42.6469562 -0.127913339 -0.779291858 0.626619137 0.0072564711 4.5 1 4
51.3372542 42.9573757 -0.124301975 -0.782818353 0.622207798 0.00727200645 4.5 1 4
50.947017 43.2657657 -0.120681382 -0.786300324 0.617801518 0.00728592876 4.5 1 4
50.5548482 43.5721299 -0.117052315 -0.789738111 0.613400727 0.00729824367 4.5 1 4
50.1607642 43.8764717 -0.11341553 -0.79313206 0.609005842 0.00730895692 4.5 1 4
49.764781 44.1787946 -0.109771783 -0.796482522 0.604617266 0.0073180743 4.5 1 4
49.3669148 44.4791022 -0.106121829 -0.799789853 0.600235392 0.00732560169 4.5 1 4
48.9671818 44.777398 -0.102466426 -0.803054414 0.595860601 0.007331545 4.5 1 4
48.5655981 45.0736854 -0.0988063273 -0.806276569 0.591493261 0.0073359102 4.5 1 4
48.1621799 45.367968 -0.09514229 -0.809456686 0.58713373 0.0073387033 4.5 1 4
47.7569432 45.6602493 -0.0914750697 -0.812595136 0.582782353 0.00733993034 4.5 1 4
47.3499043 45.9505327 -0.0878054222 -0.815692294 0.578439463 0.00733959739 4.5 1 4
46.9410794 46.2388219 -0.0841341033 -0.818748537 0.574105383 0.00733771051 4.5 1 4
46.5304844 46.5251203 -0.0804618687 -0.821764245 0.569780426 0.00733427579 4.5 1 4
46.1181357 46.8094314 -0.0767894743 -0.824739801 0.56546489 0.00732929933 4.5 1 4
45.7040494 47.0917587 -0.0731176758 -0.827675588 0.561159066 0.00732278719 4.5 1 4
45.2882415 47.3721058 -0.0694472292 -0.830571993 0.556863233 0.00731474545 4.5 1 4
44.8707283 47.6504761 -0.0657788901 -0.833429401 0.552577657 0.00730518016 4.5 1 4
44.4515259 47.9268731 -0.0621134145 -0.836248203 0.548302598 0.00729409732 4.5 1 4
44.0306505 48.2013005 -0.058451558 -0.839028787 0.544038303 0.00728150295 4.5 1 4
43.6081182 48.4737615 -0.0547940765 -0.841771543 0.539785008 0.00726740297 4.5 1 4
43.1839451 48.7442599 -0.0511417259 -0.844476861 0.535542941 0.00725180331 4.5 1 4
42.7581475 49.0127991 -0.0474952618 -0.847145134 0.53131232 0.00723470981 4.5 1 4
42.3307414 49.2793825 -0.0438554402 -0.849776751 0.527093351 0.00721612827 4.5 1 4
41.901743 49.5440138 -0.0402230167 -0.852372103 0.522886234 0.00719606445 4.5 1 4
41.4711685 49.8066964 -0.0365987473 -0.854931581 0.518691158 0.007174524 4.5 1 4
41.039034 50.0674338 -0.0329833877 -0.857455575 0.514508302 0.00715151253 4.5 1 4
40.6053556 50.3262295 -0.0293776937 -0.859944473 0.510337837 0.00712703557 4.5 1 4
40.1701496 50.5830871 -0.0257824212 -0.862398665 0.506179926 0.00710109856 4.5 1 4
39.733432 50.8380101 -0.0221983259 -0.864818537 0.502034721 0.00707370687 4.5 1 4
39.2952191 51.0910018 -0.0186261636 -0.867204475 0.497902368 0.00704486576 4.5 1 4
38.8555268 51.342066 -0.0150666902 -0.869556865 0.493783003 0.00701458041 4.5 1 4
38.4143715 51.591206 -0.0115206614 -0.871876089 0.489676755 0.00698285591 4.5 1 4
37.9717693 51.8384255 -0.00798883303 -0.87416253 0.485583745 0.00694969722 4.5 1 4
37.5277363 52.0837278 -0.00447196094 -0.876416566 0.481504085 0.00691510923 4.5 1 4
37.0822886 52.3271165 -0.000970800901 -0.878638576 0.477437881 0.00687909668 4.5 1 4
36.6354425 52.5685951 0.00251389128 -0.880828937 0.473385229 0.00684166424 4.5 1 4
36.187214 52.8081672 0.00598135979 -0.882988021 0.469346222 0.00680281644 4.5 1 4
35.7376193 53.0458362 0.00943084884 -0.885116201 0.465320941 0.00676255769 4.5 1 4
35.2866746 53.2816056 0.0128616026 -0.887213846 0.461309463 0.00672089228 4.5 1 4
34.834396 53.5154789 0.0162728653 -0.889281323 0.457311858 0.00667782438 4.5 1 4
34.3807996 53.7474597 0.0196638812 -0.891318996 0.453328188 0.00663335803 4.5 1 4
33.9259017 53.9775515 0.0230338943 -0.893327227 0.44935851 0.00658749713 4.5 1 4
33.4697184 54.2057578 0.026382149 -0.895306375 0.445402873 0.00654024545 4.5 1 4
33.0122657 54.432082 0.0297078893 -0.897256797 0.441461322 0.00649160663 4.5 1 4
32.5535599 54.6565278 0.0330103596 -0.899178846 0.437533895 0.00644158417 4.5 1 4
32.0936172 54.8790985 0.036288804 -0.901072873 0.433620622 0.00639018142 4.5 1 4
31.6324535 55.0997977 0.0395424667 -0.902939225 0.42972153 0.00633740158 4.5 1 4
31.1700853 55.318629 0.0427705919 -0.904778247 0.42583664 0.00628324773 4.5 1 4
30.7065284 55.5355957 0.0459724237 -0.906590282 0.421965966 0.00622772277 4.5 1 4
30.2417992 55.7507016 0.0491472065 -0.908375666 0.418109519 0.00617082948 4.5 1 4
29.7759138 55.9639499 0.0522941844 -0.910134737 0.414267302 0.00611257045 4.5 1 4
29.3088882 56.1753443 0.0554126015 -0.911867825 0.410439316 0.00605294816 4.5 1 4
28.8407388 56.3848883 0.0585017021 -0.91357526 0.406625554 0.0059919649 4.5 1 4
28.3714815 56.5925853 0.0615607304 -0.915257367 0.402826006 0.0059296228 4.5 1 4
27.9011326 56.7984389 0.0645889305 -0.916914469 0.399040659 0.00586592386 4.5 1 4
27.4297082 57.0024526 0.0675855467 -0.918546885 0.395269491 0.00580086989 4.5 1 4
26.9572245 57.2046299 0.0705498232 -0.92015493 0.391512479 0.00573446255 4.5 1 4
26.4836977 57.4049743 0.0734810041 -0.921738916 0.387769596 0.00566670333 4.5 1 4
26.0091437 57.6034893 0.0763783337 -0.923299152 0.384040808 0.00559759355 4.5 1 4
25.5335789 57.8001785 0.0792410562 -0.924835944 0.38032608 0.00552713437 4.5 1 4
25.0570194 57.9950452 0.0820684157 -0.926349594 0.37662537 0.00545532677 4.5 1 4
24.5794813 58.1880932 0.0848596564 -0.927840399 0.372938635 0.00538217157 4.5 1 4
24.1009807 58.3793257 0.0876140226 -0.929308656 0.369265828 0.0053076694 4.5 1 4
23.6215339 58.5687464 0.0903307584 -0.930754654 0.365606895 0.00523182074 4.5 1 4
23.1411569 58.7563588 0.093009108 -0.932178683 0.361961783 0.00515462587 4.5 1 4
22.659866 58.9421663 0.0956483157 -0.933581027 0.358330432 0.00507608491 4.5 1 4
22.1776772 59.1261726 0.0982476256 -0.934961967 0.354712782 0.0049961978 4.5 1 4
21.6946067 59.308381 0.100806282 -0.936321781 0.351108766 0.00491496429 4.5 1 4
21.2106707 59.4887951 0.103323529 -0.937660742 0.347518318 0.00483238395 4.5 1 4
20.7258854 59.6674185 0.105798611 -0.938979121 0.343941365 0.00474845619 4.5 1 4
20.2402667 59.8442545 0.108230771 -0.940277185 0.340377833 0.0046631802 4.5 1 4
19.7538311 60.0193068 0.110619255 -0.941555198 0.336827646 0.00457655501 4.5 1 4
19.2665944 60.1925788 0.112963307 -0.94281342 0.333290724 0.00448857947 4.5 1 4
18.778573 60.3640741 0.11526217 -0.944052108 0.329766984 0.00439925222 4.5 1 4
18.289783 60.5337961 0.117515088 -0.945271514 0.326256342 0.00430857173 4.5 1 4
17.8002405 60.7017484 0.119721307 -0.946471889 0.322758708 0.00421653626 4.5 1 4
17.3099617 60.8679344 0.12188007 -0.947653479 0.319273994 0.00412314391 4.5 1 4
16.8189627 61.0323578 0.123990621 -0.948816527 0.315802107 0.00402839255 4.5 1 4
16.3272596 61.1950219 0.126052205 -0.949961272 0.312342952 0.00393227989 4.5 1 4
15.8348687 61.3559303 0.128064066 -0.95108795 0.308896432 0.00383480342 4.5 1 4
15.341806 61.5150865 0.130025448 -0.952196795 0.305462447 0.00373596046 4.5 1 4
14.8480878 61.672494 0.131935594 -0.953288035 0.302040897 0.0036357481 4.5 1 4
14.3537301 61.8281564 0.133793751 -0.954361897 0.298631677 0.00353416325 4.5 1 4
13.8587492 61.9820771 0.13559916 -0.955418604 0.295234683 0.00343120263 4.5 1 4
13.3631611 62.1342596 0.137351068 -0.956458375 0.291849806 0.00332686273 4.5 1 4
12.8669821 62.2847075 0.139048717 -0.957481426 0.288476938 0.00322113986 4.5 1 4
12.3702282 62.4334242 0.140691353 -0.95848797 0.285115968 0.00311403012 4.5 1 4
11.8729157 62.5804133 0.142278219 -0.959478216 0.281766781 0.0030055294 4.5 1 4
11.3750606 62.7256783 0.143808559 -0.960452372 0.278429265 0.00289563339 4.5 1 4
10.8766791 62.8692227 0.145281619 -0.961410641 0.275103302 0.00278433756 4.5 1 4
10.3777874 63.0110499 0.146696641 -0.962353222 0.271788774 0.00267163718 4.5 1 4
9.87840169 63.1511636 0.14805287 -0.963280313 0.268485563 0.0025575273 4.5 1 4
9.378538 63.2895672 0.149349551 -0.964192107 0.265193546 0.00244200276 4.5 1 4
8.87821254 63.4262642 0.150585927 -0.965088796 0.261912601 0.00232505818 4.5 1 4
8.37744145 63.5612581 0.151761243 -0.965970566 0.258642604 0.00220668798 4.5 1 4
7.87624089 63.6945525 0.152874743 -0.966837602 0.25538343 0.00208688634 4.5 1 4
7.374627 63.8261508 0.15392567 -0.967690086 0.252134951 0.00196564723 4.5 1 4
6.87261594 63.9560565 0.154913271 -0.968528196 0.24889704 0.0018429644 4.5 1 4
6.37022385 64.0842732 0.155836787 -0.969352108 0.245669566 0.00171883137 4.5 1 4
5.86746689 64.2108044 0.156695465 -0.970161995 0.242452399 0.00159324143 4.5 1 4
5.3643612 64.3356536 0.157488547 -0.970958025 0.239245407 0.00146618765 4.5 1 4
4.86092294 64.4588243 0.158215279 -0.971740365 0.236048456 0.00133766287 4.5 1 4
4.35716825 64.5803199 0.158874903 -0.97250918 0.232861412 0.0012076597 4.5 1 4
3.85311329 64.7001441 0.159466665 -0.973264629 0.229684139 0.00107617051 4.5 1 4
3.34877421 64.8183003 0.159989809 -0.974006871 0.2265165 0.000943187426 4.5 1 4
2.84416715 64.934792 0.160443579 -0.974736062 0.223358357 0.000808702352 4.5 1 4
2.33930827 65.0496228 0.160827219 -0.975452353 0.220209571 0.00067270694 4.5 1 4
1.83421371 65.1627961 0.161139973 -0.976155893 0.217070001 0.000535192604 4.5 1 4
1.32889963 65.2743154 0.161381086 -0.976846831 0.213939507 0.000396150508 4.5 1 4
0.82338218 65.3841843 0.161549801 -0.977525308 0.210817945 0.000255571571 4.5 1 4
0.317677506 65.4924063 0.161645363 -0.978191468 0.207705173 0.00011344646 4.5 1 4
-0.18819824 65.5989848 0.161667016 -0.978845448 0.204601046 -3.02344128e-05 4.5 1 4
-0.694228909 65.7039235 0.161614004 -0.979487384 0.201505419 -0.000175480889 4.5 1 4
-1.20039835 65.8072257 0.161485572 -0.980117409 0.198418145 -0.000322303072 4.5 1 4
-1.70669041 65.908895 0.161280964 -0.980735654 0.195339076 -0.000470711324 4.5 1 4
-2.21308895 66.008935 0.160999423 -0.981342247 0.192268065 -0.000620716274 4.5 1 4
-2.7195778 66.107349 0.160640194 -0.981937313 0.189204961 -0.000772328818 4.5 1 4
-3.22614083 66.2041407 0.160202522 -0.982520974 0.186149616 -0.000925560124 4.5 1 4
-3.73276188 66.2993136 0.15968565 -0.98309335 0.183101876 -0.00108042163 4.5 1 4
-4.2394248 66.392871 0.159088823 -0.98365456 0.18006159 -0.00123692506 4.5 1 4
-4.74611344 66.4848167 0.158411284 -0.984204718 0.177028606 -0.00139508242 4.5 1 4
-5.25281165 66.575154 0.157652279 -0.984743936 0.174002768 -0.00155490597 4.5 1 4
-5.75950328 66.6638865 0.15681105 -0.985272324 0.170983921 -0.00171640831 4.5 1 4
-6.26617218 66.7510176 0.155886844 -0.98578999 0.167971911 -0.00187960228 4.5 1 4
-6.7728022 66.836551 0.154878902 -0.986297038 0.164966578 -0.00204450105 4.5 1 4
-7.27937719 66.92049 0.153786471 -0.986793572 0.161967767 -0.00221111807 4.5 1 4
-7.78588099 67.0028383 0.152608793 -0.98727969 0.158975318 -0.00237946711 4.5 1 4
-8.29229747 67.0835993 0.151345114 -0.987755491 0.155989071 -0.00254956222 4.5 1 4
-8.79861047 67.1627765 0.149994677 -0.988221069 0.153008865 -0.0027214178 4.5 1 4
-9.30480384 67.2403734 0.148556727 -0.988676517 0.150034539 -0.00289504852 4.5 1 4
-9.81086142 67.3163936 0.147030507 -0.989121926 0.14706593 -0.0030704694 4.5 1 4
-10.3167671 67.3908405 0.145415263 -0.989557383 0.144102874 -0.00324769579 4.5 1 4
-10.8225046 67.4637177 0.143710238 -0.989982973 0.141145208 -0.00342674334 4.5 1 4
-11.328058 67.5350287 0.141914676 -0.990398781 0.138192764 -0.00360762805 4.5 1 4
-11.8334109 67.6047769 0.140027821 -0.990804885 0.135245378 -0.00379036627 4.5 1 4
-12.3385474 67.672966 0.138048919 -0.991201366 0.13230288 -0.00397497466 4.5 1 4
-12.8434511 67.7395993 0.135977212 -0.991588298 0.129365103 -0.00416147027 4.5 1 4
-13.348106 67.8046805 0.133811945 -0.991965755 0.126431876 -0.00434987047 4.5 1 4
-13.8524959 67.8682129 0.131552363 -0.992333809 0.123503029 -0.00454019301 4.5 1 4
-14.3566047 67.9302002 0.12919771 -0.992692528 0.120578391 -0.00473245598 4.5 1 4
-14.8604162 67.9906458 0.126747229 -0.993041979 0.117657787 -0.00492667787 4.5 1 4
-15.3639143 68.0495532 0.124200165 -0.993382227 0.114741045 -0.00512287754 4.5 1 4
-15.8670828 68.106926 0.121555762 -0.993713332 0.111827989 -0.0053210742 4.5 1 4
-16.3699056 68.1627677 0.118813265 -0.994035356 0.108918443 -0.00552128749 4.5 1 4
-16.8723664 68.2170817 0.115971917 -0.994348354 0.10601223 -0.00572353742 4.5 1 4
-17.3744493 68.2698716 0.113030963 -0.994652381 0.10310917 -0.00592784441 4.5 1 4
-17.8761379 68.3211409 0.109989646 -0.994947491 0.100209084 -0.00613422928 4.5 1 4
-18.3774162 68.370893 0.106847212 -0.995233734 0.0973117913 -0.00634271327 4.5 1 4
-18.8782681 68.4191316 0.103602904 -0.995511157 0.0944171091 -0.00655331803 4.5 1 4
-19.3786773 68.4658601 0.100255967 -0.995779806 0.0915248539 -0.00676606566 4.5 1 4
-19.8786277 68.511082 0.0968056445 -0.996039724 0.0886348409 -0.00698097867 4.5 1 4
-20.3781032 68.5548008 0.0932511808 -0.996290951 0.0857468837 -0.00719808003 4.5 1 4
-20.8770876 68.5970201 0.0895918203 -0.996533527 0.0828607948 -0.00741739316 4.5 1 4
-21.3755647 68.6377433 0.085826807 -0.996767488 0.0799763852 -0.00763894191 4.5 1 4
-21.8735185 68.676974 0.0819553852 -0.996992866 0.0770934644 -0.00786275064 4.5 2 4
-22.3709327 68.7147156 0.0779767991 -0.997209694 0.0742118406 -0.00808884415 4.5 2 4
-22.8677912 68.7509717 0.0738902929 -0.997418 0.0713313204 -0.00831724774 4.5 2 4
-23.364078 68.7857458 0.0696951108 -0.99761781 0.0684517089 -0.0085479872 4.5 2 4
-23.8597767 68.8190414 0.065390497 -0.99780915 0.0655728096 -0.0087810888 4.5 2 4
-24.3548713 68.8508619 0.0609756956 -0.997992039 0.0626944245 -0.00901657934 4.5 2 4
-24.8493456 68.881211 0.0564499509 -0.998166498 0.0598163538 -0.00925448614 4.5 2 4
-25.3431834 68.9100921 0.0518125071 -0.998332543 0.0569383963 -0.00949483704 4.5 2 4
-25.8363687 68.9375087 0.0470626083 -0.998490189 0.0540603488 -0.00973766041 4.5 2 4
-26.3288852 68.9634644 0.0421994989 -0.998639446 0.0511820065 -0.00998298519 4.5 2 4
-26.8207169 68.9879626 0.0372224228 -0.998780323 0.0483031629 -0.0102308408 4.5 2 4
-27.3118475 69.0110068 0.0321306244 -0.998912829 0.0454236093 -0.0104812574 4.5 2 4
-27.8022609 69.0326006 0.0269233479 -0.999036965 0.0425431356 -0.0107342656 4.5 2 4
-28.291941 69.0527475 0.0215998374 -0.999152734 0.0396615295 -0.0109898966 4.5 2 4
-28.7808715 69.0714509 0.0161593372 -0.999260134 0.0367785766 -0.0112481821 4.5 2 4
-29.2690365 69.0887145 0.0106010914 -0.999359161 0.0338940609 -0.0115091548 4.5 2 4
-29.7564196 69.1045416 0.00492434421 -0.999449808 0.0310077639 -0.0117728475 4.5 2 4
-30.2430049 69.1189358 -0.000871660121 -0.999532066 0.0281194652 -0.012039294 4.5 2 4
-30.728776 69.1319007 -0.00678767743 -0.999605923 0.0252289421 -0.0123085287 4.5 2 4
-31.2137169 69.1434396 -0.0128244635 -0.999671363 0.02233597 -0.0125805865 4.5 2 4
-31.6978114 69.1535562 -0.0189827742 -0.999728368 0.0194403216 -0.0128555032 4.5 2 4
-32.1810433 69.162254 -0.0252633652 -0.999776918 0.0165417675 -0.0131333152 4.5 2 4
-32.6633966 69.1695363 -0.0316669925 -0.999816989 0.0136400759 -0.0134140594 4.5 2 4
-33.144855 69.1754069 -0.0381944117 -0.999848554 0.0107350124 -0.0136977737 4.5 2 4
-33.6254024 69.1798691 -0.0448463787 -0.999871583 0.00782634032 -0.0139844966 4.5 2 4
-34.1050227 69.1829264 -0.0516236493 -0.999886043 0.00491382021 -0.0142742674 4.5 2 4
-34.5836997 69.1845825 -0.0585269793 -0.999891899 0.00199721015 -0.0145671261 4.5 2 4
-35.0614173 69.1848407 -0.0655571246 -0.999889111 -0.000923734629 -0.0148631135 4.5 2 4
-35.5381593 69.1837047 -0.0727148408 -0.999877637 -0.00384926159 -0.0151622712 4.5 2 4
-36.0139095 69.1811778 -0.0800008839 -0.999857431 -0.00677962095 -0.0154646417 4.5 2 4
-36.4886518 69.1772637 -0.0874160095 -0.999828443 -0.00971506598 -0.0157702681 4.5 2 4
-36.9623701 69.1719658 -0.0949609736 -0.999790623 -0.0126558528 -0.0160791945 4.5 2 4
-37.4350482 69.1652876 -0.102636532 -0.999743912 -0.0156022406 -0.0163914659 4.5 2 4
-37.9066699 69.1572327 -0.11044344 -0.999688253 -0.0185544918 -0.0167071281 4.5 2 4
-38.3772192 69.1478045 -0.118382454 -0.999623581 -0.0215128718 -0.0170262278 4.5 2 4
-38.8466798 69.1370066 -0.12645433 -0.99954983 -0.0244776495 -0.0173488125 4.5 2 4
-39.3150356 69.1248425 -0.134659823 -0.99946693 -0.0274490969 -0.017674931 4.5 2 4
-39.7822705 69.1113156 -0.14299969 -0.999374805 -0.0304274897 -0.0180046326 4.5 2 4
-40.2483683 69.0964295 -0.151474686 -0.999273378 -0.0334131069 -0.0183379679 4.5 2 4
-40.7133128 69.0801877 -0.160085566 -0.999162565 -0.0364062311 -0.0186749883 4.5 2 4
-41.177088 69.0625938 -0.168833087 -0.99904228 -0.0394071488 -0.0190157464 4.5 2 4
-41.6396776 69.0436511 -0.177718004 -0.998912433 -0.04241615 -0.0193602956 4.5 2 4
77.8341959 1.28523472 -0.313797812 -0.20990368 0.977720017 -0.00200342833 4.5 2 4
77.7186617 1.81393177 -0.314841394 -0.217089201 0.976150012 -0.00185299012 4.5 2 4
77.599581 2.34025206 -0.315800922 -0.224274329 0.974524564 -0.00170298841 4.5 2 4
77.4769699 2.86419912 -0.316677152 -0.231457938 0.972843672 -0.00155345174 4.5 2 4
77.3508447 3.38577643 -0.317470839 -0.238638898 0.97110736 -0.0014044087 4.5 2 4
77.2212215 3.90498752 -0.31818274 -0.245816077 0.969315676 -0.00125588793 4.5 2 4
77.0881164 4.42183589 -0.318813609 -0.252988339 0.967468693 -0.00110791807 4.5 2 4
76.9515456 4.93632505 -0.319364204 -0.260154548 0.965566512 -0.000960527764 4.5 2 4
76.8115253 5.44845851 -0.31983528 -0.267313567 0.963609254 -0.000813745628 4.5 2 4
76.6680715 5.95823977 -0.320227592 -0.274464258 0.96159707 -0.000667600233 4.5 2 4
76.5212004 6.46567236 -0.320541896 -0.281605486 0.959530134 -0.00052212008 4.5 2 4
76.3709283 6.97075976 -0.320778949 -0.288736116 0.957408645 -0.000377333588 4.5 2 4
76.2172712 7.4735055 -0.320939506 -0.295855019 0.955232827 -0.000233269062 4.5 2 4
76.0602452 7.97391309 -0.321024322 -0.302961067 0.95300293 -8.99546852e-05 4.5 2 4
75.8998667 8.47198602 -0.321034154 -0.310053137 0.950719227 5.25815112e-05 4.5 2 4
75.7361516 8.96772782 -0.320969758 -0.317130113 0.948382019 0.000194311663 4.5 2 4
75.5691161 9.46114199 -0.320831889 -0.324190885 0.945991627 0.000335208095 4.5 2 4
75.3987764 9.95223203 -0.320621302 -0.33123435 0.943548398 0.000475243339 4.5 2 4
75.2251487 10.4410015 -0.320338755 -0.338259412 0.941052704 0.000614390156 4.5 2 4
75.048249 10.9274538 -0.319985002 -0.345264987 0.93850494 0.000752621552 4.5 2 4
74.8680936 11.4115925 -0.3195608 -0.352249999 0.935905522 0.0008899108 4.5 2 4
74.6846986 11.8934211 -0.319066904 -0.359213382 0.933254892 0.00102623146 4.5 2 4
74.4980801 12.3729432 -0.318504069 -0.366154084 0.930553512 0.00116155738 4.5 2 4
74.3082543 12.8501622 -0.317873053 -0.373071061 0.927801867 0.00129586274 4.5 2 4
74.1152373 13.3250816 -0.317174611 -0.379963288 0.925000464 0.00142912207 4.5 2 4
73.9190453 13.797705 -0.316409497 -0.386829748 0.92214983 0.00156131022 4.5 2 4
73.7196945 14.2680359 -0.315578469 -0.393669443 0.919250513 0.00169240244 4.5 2 4
73.517201 14.7360777 -0.314682283 -0.400481387 0.916303082 0.00182237434 4.5 2 4
73.3115809 15.2018339 -0.313721693 -0.407264612 0.913308124 0.00195120196 4.5 2 4
73.1028503 15.6653082 -0.312697455 -0.414018166 0.910266245 0.00207886172 4.5 2 4
72.8910256 16.1265039 -0.311610326 -0.420741114 0.90717807 0.0022053305 4.5 2 4
72.6761227 16.5854247 -0.310461062 -0.427432539 0.904044243 0.00233058561 4.5 2 4
72.4581579 17.0420739 -0.309250417 -0.434091543 0.900865421 0.0024546048 4.5 2 4
72.2371472 17.4964552 -0.307979148 -0.440717247 0.897642282 0.0025773663 4.5 2 4
72.0131069 17.948572 -0.306648011 -0.447308789 0.894375516 0.00269884883 4.5 2 4
71.7860531 18.3984279 -0.305257762 -0.45386533 0.891065831 0.00281903157 4.5 2 4
71.5560019 18.8460263 -0.303809156 -0.460386051 0.887713948 0.00293789422 4.5 2 4
71.3229695 19.2913707 -0.302302949 -0.466870153 0.884320601 0.00305541698 4.5 2 4
71.0869721 19.7344647 -0.300739896 -0.473316859 0.880886538 0.00317158055 4.5 2 4
