20.0577337 -0.210656725 -0.124828114 0.999977472 -0.00352550573 -0.00571189904 5 1 1
20.5591094 -0.212337083 -0.127685588 0.999978787 -0.00317664026 -0.00568633419 5 1 1
21.0604818 -0.213842511 -0.130530222 0.99997998 -0.00282776893 -0.00566076824 5 1 1
21.5618509 -0.21517301 -0.133362014 0.99998105 -0.00247889187 -0.00563520121 5 1 1
22.0632167 -0.216328578 -0.136180967 0.999981997 -0.00213000921 -0.00560963309 5 1 1
22.5645791 -0.217309217 -0.138987079 0.999982823 -0.00178112108 -0.00558406391 5 1 1
23.0659383 -0.218114927 -0.141780351 0.999983526 -0.0014322276 -0.00555849367 5 1 1
23.5672942 -0.218745706 -0.144560782 0.999984106 -0.00108332891 -0.00553292238 5 1 1
24.0686468 -0.219201556 -0.147328372 0.999984565 -0.000734425125 -0.00550735005 5 1 1
24.5699961 -0.219482476 -0.150083123 0.999984901 -0.000385516382 -0.00548177669 5 1 1
25.071342 -0.219588466 -0.152825032 0.999985114 -3.66028061e-05 -0.00545620231 5 1 1
25.5726847 -0.219519526 -0.155554102 0.999985205 0.000312315474 -0.00543062691 5 1 1
26.0740241 -0.219275657 -0.158270331 0.999985174 0.000661238331 -0.00540505052 5 1 1
26.5753602 -0.218856858 -0.160973719 0.99998502 0.00101016564 -0.00537947312 5 1 1
27.076693 -0.218263129 -0.163664267 0.999984744 0.00135909726 -0.00535389475 5 1 1
27.5780224 -0.217494471 -0.166341975 0.999984346 0.00170803308 -0.0053283154 5 1 1
28.0793486 -0.216550882 -0.169006842 0.999983825 0.00205697297 -0.00530273508 5 1 1
28.5806715 -0.215432364 -0.171658869 0.999983181 0.00240591679 -0.00527715381 5 1 1
29.0819911 -0.214138916 -0.174298055 0.999982416 0.00275486441 -0.00525157159 5 1 1
29.5833073 -0.212670539 -0.176924401 0.999981528 0.00310381572 -0.00522598843 5 1 1
30.0846203 -0.211027231 -0.179537906 0.999980517 0.00345277058 -0.00520040435 5 1 1
30.58593 -0.209208994 -0.182138571 0.999979384 0.00380172887 -0.00517481934 5 1 1
31.0872364 -0.207215827 -0.184726396 0.999978128 0.00415069045 -0.00514923343 5 1 1
31.5885394 -0.205047731 -0.18730138 0.99997675 0.0044996552 -0.00512364662 5 1 1
32.0898392 -0.202704704 -0.189863523 0.99997525 0.00484862298 -0.00509805891 5 1 1
32.5911357 -0.200186748 -0.192412827 0.999973627 0.00519759368 -0.00507247033 5 1 1
33.0924289 -0.197493862 -0.194949289 0.999971882 0.00554656716 -0.00504688087 5 1 1
33.5937187 -0.194626047 -0.197472912 0.999970014 0.0058955433 -0.00502129055 5 1 1
34.0950053 -0.191583301 -0.199983694 0.999968024 0.00624452197 -0.00499569938 5 1 1
34.5962886 -0.188365626 -0.202481635 0.999965911 0.00659350303 -0.00497010736 5 1 1
35.0975686 -0.184973021 -0.204966736 0.999963676 0.00694248636 -0.00494451451 5 1 1
35.5988452 -0.181405486 -0.207438997 0.999961319 0.00729147184 -0.00491892084 5 1 1
36.1001186 -0.177663022 -0.209898417 0.999958839 0.00764045933 -0.00489332635 5 1 1
36.6013887 -0.173745628 -0.212344996 0.999956236 0.00798944871 -0.00486773105 5 1 1
37.1026554 -0.169653304 -0.214778735 0.999953511 0.00833843985 -0.00484213496 5 1 1
37.6039189 -0.16538605 -0.217199634 0.999950664 0.00868743261 -0.00481653808 5 1 1
38.1051791 -0.160943866 -0.219607693 0.999947694 0.00903642688 -0.00479094042 5 1 1
38.6064359 -0.156326753 -0.22200291 0.999944601 0.00938542252 -0.00476534199 5 1 1
39.1076895 -0.15153471 -0.224385288 0.999941386 0.0097344194 -0.0047397428 5 1 1
39.6089398 -0.146567737 -0.226754825 0.999938049 0.0100834174 -0.00471414287 5 1 1
40.1101867 -0.141425835 -0.229111521 0.999934589 0.0104324164 -0.00468854219 5 1 1
40.6114304 -0.136109002 -0.231455378 0.999931007 0.0107814162 -0.00466294078 5 1 1
41.1126708 -0.13061724 -0.233786393 0.999927302 0.0111304168 -0.00463733865 5 1 1
41.6139078 -0.124950548 -0.236104568 0.999923474 0.011479418 -0.00461173581 5 1 1
42.1151416 -0.119108927 -0.238409903 0.999919525 0.0118284197 -0.00458613226 5 1 1
42.6163721 -0.113092375 -0.240702398 0.999915452 0.0121774217 -0.00456052803 5 1 1
43.1175992 -0.106900894 -0.242982052 0.999911258 0.0125264239 -0.0045349231 5 1 1
43.6188231 -0.100534483 -0.245248865 0.99990694 0.0128754262 -0.00450931751 5 1 1
44.1200437 -0.0939931427 -0.247502838 0.999902501 0.0132244285 -0.00448371124 5 1 1
44.6212609 -0.0872768724 -0.249743971 0.999897938 0.0135734306 -0.00445810433 5 1 1
45.1224749 -0.0803856722 -0.251972263 0.999893254 0.0139224325 -0.00443249676 5 1 1
45.6236856 -0.0733195423 -0.254187714 0.999888447 0.0142714339 -0.00440688856 5 1 1
46.1248929 -0.0660784826 -0.256390326 0.999883517 0.0146204347 -0.00438127973 5 1 1
46.626097 -0.0586624932 -0.258580097 0.999878465 0.0149694349 -0.00435567028 5 1 1
47.1272977 -0.051071574 -0.260757027 0.99987329 0.0153184343 -0.00433006023 5 1 1
47.6284952 -0.0433057251 -0.262921117 0.999867993 0.0156674327 -0.00430444957 5 1 1
48.1296894 -0.0353649463 -0.265072366 0.999862573 0.0160164301 -0.00427883832 5 1 1
48.6308802 -0.0272492379 -0.267210775 0.999857031 0.0163654262 -0.0042532265 5 1 1
49.1320678 -0.0189585997 -0.269336344 0.999851367 0.0167144211 -0.0042276141 5 1 1
49.633252 -0.0104930317 -0.271449072 0.99984558 0.0170634145 -0.00420200114 5 1 1
50.134433 -0.00185253393 -0.27354896 0.99983967 0.0174124063 -0.00417638763 5 1 1
50.6356106 0.00696289358 -0.275636007 0.999833638 0.0177613965 -0.00415077357 5 1 1
51.136785 0.0159532508 -0.277710214 0.999827484 0.0181103848 -0.00412515899 5 1 1
51.6379561 0.0251185379 -0.27977158 0.999821207 0.0184593711 -0.00409954387 5 1 1
52.1391238 0.0344587546 -0.281820106 0.999814807 0.0188083553 -0.00407392825 5 1 1
52.6402883 0.0439739012 -0.283855792 0.999808285 0.0191573374 -0.00404831211 5 1 1
53.1414494 0.0536639775 -0.285878637 0.999801641 0.019506317 -0.00402269548 5 1 1
53.6426073 0.0635289835 -0.287888641 0.999794874 0.0198552943 -0.00399707837 5 1 1
54.1437618 0.0735689194 -0.289885806 0.999787985 0.0202042689 -0.00397146078 5 1 1
54.6449131 0.0837837849 -0.291870129 0.999780973 0.0205532407 -0.00394584272 5 1 1
55.1460611 0.0941735803 -0.293841613 0.999773839 0.0209022098 -0.0039202242 5 1 1
55.6472057 0.104738305 -0.295800256 0.999766583 0.0212511758 -0.00389460523 5 1 1
56.1483471 0.11547796 -0.297746058 0.999759203 0.0216001387 -0.00386898583 5 1 1
56.6494851 0.126392545 -0.29967902 0.999751702 0.0219490984 -0.00384336599 5 1 1
57.1506199 0.137482059 -0.301599141 0.999744078 0.0222980547 -0.00381774573 5 1 1
57.6517513 0.148746503 -0.303506423 0.999736332 0.0226470075 -0.00379212506 5 1 1
58.1528795 0.160185877 -0.305400863 0.999728463 0.0229959566 -0.00376650399 5 1 1
58.6540043 0.171800181 -0.307282463 0.999720472 0.0233449021 -0.00374088253 5 1 1
59.1551259 0.183589414 -0.309151223 0.999712358 0.0236938436 -0.00371526069 5 1 1
59.6562441 0.195553577 -0.311007142 0.999704122 0.0240427811 -0.00368963847 5 1 1
60.1573591 0.20769267 -0.312850221 0.999695763 0.0243917145 -0.00366401588 5 1 1
60.6584707 0.220006693 -0.31468046 0.999687282 0.0247406436 -0.00363839295 5 1 1
61.1595791 0.232495646 -0.316497858 0.999678679 0.0250895683 -0.00361276966 5 1 1
61.6606841 0.245159528 -0.318302415 0.999669953 0.0254384885 -0.00358714605 5 1 1
62.1617859 0.25799834 -0.320094132 0.999661105 0.025787404 -0.0035615221 5 1 1
62.6628843 0.271012081 -0.321873009 0.999652135 0.0261363148 -0.00353589784 5 1 1
63.1639795 0.284200753 -0.323639045 0.999643042 0.0264852206 -0.00351027327 5 1 1
63.6650713 0.297564354 -0.325392241 0.999633827 0.0268341214 -0.0034846484 5 1 1
64.1661598 0.311102885 -0.327132596 0.999624489 0.0271830171 -0.00345902324 5 1 1
64.6672451 0.324816346 -0.328860111 0.999615029 0.0275319074 -0.00343339781 5 1 1
65.168327 0.338704736 -0.330574786 0.999605446 0.0278807924 -0.0034077721 5 1 1
65.6694057 0.352768057 -0.33227662 0.999595742 0.0282296717 -0.00338214614 5 1 1
66.170481 0.367006307 -0.333965613 0.999585915 0.0285785454 -0.00335651992 5 1 1
66.6715531 0.381419487 -0.335641767 0.999575965 0.0289274133 -0.00333089346 5 1 1
67.1726218 0.396007596 -0.337305079 0.999565893 0.0292762753 -0.00330526677 5 1 1
67.6736873 0.410770635 -0.338955552 0.999555699 0.0296251312 -0.00327963985 5 1 1
68.1747494 0.425708605 -0.340593183 0.999545383 0.0299739809 -0.00325401273 5 1 1
68.6758082 0.440821503 -0.342217975 0.999534944 0.0303228242 -0.00322838539 5 1 1
69.1768638 0.456109332 -0.343829926 0.999524383 0.0306716612 -0.00320275787 5 1 1
69.677916 0.47157209 -0.345429036 0.999513699 0.0310204915 -0.00317713016 5 1 1
70.178965 0.487209778 -0.347015306 0.999502893 0.0313693152 -0.00315150227 5 1 1
70.6800106 0.503022396 -0.348588736 0.999491965 0.031718132 -0.00312587422 5 1 1
71.1810529 0.519009944 -0.350149325 0.999480915 0.0320669419 -0.00310024601 5 1 1
71.682092 0.535172421 -0.351697074 0.999469743 0.0324157447 -0.00307461765 5 1 1
72.1831277 0.551509828 -0.353231982 0.999458448 0.0327645403 -0.00304898916 5 1 1
72.6841602 0.568022165 -0.35475405 0.99944703 0.0331133285 -0.00302336053 5 1 1
73.1851893 0.584709432 -0.356263277 0.999435491 0.0334621092 -0.00299773179 5 1 1
73.6862151 0.601571628 -0.357759664 0.999423829 0.0338108824 -0.00297210294 5 1 1
74.1872377 0.618608755 -0.359243211 0.999412046 0.0341596478 -0.00294647398 5 1 1
74.6882569 0.635820811 -0.360713917 0.999400139 0.0345084054 -0.00292084494 5 1 1
75.1892728 0.653207796 -0.362171782 0.999388111 0.034857155 -0.00289521581 5 1 1
75.6902855 0.670769712 -0.363616807 0.99937596 0.0352058965 -0.00286958662 5 1 1
76.1912948 0.688506557 -0.365048992 0.999363688 0.0355546297 -0.00284395736 5 1 1
76.6923009 0.706418332 -0.366468336 0.999351293 0.0359033546 -0.00281832804 5 1 1
77.1933036 0.724505037 -0.36787484 0.999338775 0.036252071 -0.00279269869 5 1 1
77.694303 0.742766671 -0.369268504 0.999326136 0.0366007788 -0.0027670693 5 1 1
78.1952992 0.761203236 -0.370649327 0.999313375 0.0369494778 -0.00274143988 5 1 1
78.696292 0.77981473 -0.372017309 0.999300491 0.0372981679 -0.00271581045 5 1 1
79.1972815 0.798601153 -0.373372451 0.999287485 0.037646849 -0.00269018101 5 1 1
79.6982678 0.817562507 -0.374714753 0.999274357 0.037995521 -0.00266455158 5 1 1
80.1992507 0.83669879 -0.376044214 0.999261107 0.0383441838 -0.00263892215 5 1 1
80.7002303 0.856010003 -0.377360835 0.999247735 0.0386928371 -0.00261329275 5 1 1
81.2012067 0.875496146 -0.378664615 0.99923424 0.039041481 -0.00258766339 5 1 1
81.7021797 0.895157219 -0.379955555 0.999220624 0.0393901151 -0.00256203406 5 1 1
82.2031494 0.914993221 -0.381233654 0.999206885 0.0397387396 -0.00253640478 5 1 1
82.7041158 0.935004153 -0.382498913 0.999193024 0.0400873541 -0.00251077556 5 1 1
83.205079 0.955190015 -0.383751332 0.999179042 0.0404359586 -0.00248514642 5 1 1
83.7060388 0.975550807 -0.38499091 0.999164937 0.0407845529 -0.00245951735 5 1 1
84.2069953 0.996086528 -0.386217648 0.99915071 0.041133137 -0.00243388837 5 1 1
84.7079486 1.01679718 -0.387431545 0.999136361 0.0414817106 -0.00240825948 5 1 1
85.2088985 1.03768276 -0.388632602 0.99912189 0.0418302737 -0.00238263071 5 1 1
85.7098451 1.05874327 -0.389820818 0.999107297 0.0421788262 -0.00235700204 5 1 1
86.2107884 1.07997871 -0.390996194 0.999092582 0.0425273678 -0.00233137351 5 1 1
86.7117285 1.10138908 -0.392158729 0.999077745 0.0428758986 -0.00230574511 5 1 1
87.2126652 1.12297438 -0.393308424 0.999062786 0.0432244183 -0.00228011685 5 1 1
87.7135986 1.14473461 -0.394445279 0.999047705 0.0435729268 -0.00225448875 5 1 1
88.2145287 1.16666977 -0.395569293 0.999032502 0.043921424 -0.00222886082 5 1 1
88.7154556 1.18877986 -0.396680467 0.999017177 0.0442699097 -0.00220323305 5 1 1
89.2163791 1.21106488 -0.3977788 0.999001731 0.044618384 -0.00217760547 5 1 1
89.7172993 1.23352483 -0.398864293 0.998986162 0.0449668465 -0.00215197808 5 1 1
90.2182162 1.25615971 -0.399936945 0.998970471 0.0453152972 -0.00212635088 5 1 1
90.7191299 1.27896951 -0.400996757 0.998954659 0.045663736 -0.0021007239 5 1 1
91.2200402 1.30195425 -0.402043729 0.998938724 0.0460121627 -0.00207509714 5 1 1
91.7209472 1.32511392 -0.40307786 0.998922668 0.0463605772 -0.00204947061 5 1 1
92.2218509 1.34844852 -0.40409915 0.99890649 0.0467089794 -0.00202384432 5 1 1
92.7227513 1.37195804 -0.4051076 0.99889019 0.0470573692 -0.00199821828 5 1 1
93.2236485 1.3956425 -0.40610321 0.998873768 0.0474057464 -0.00197259249 5 1 1
93.7245423 1.41950189 -0.407085979 0.998857224 0.0477541108 -0.00194696697 5 1 1
94.2254328 1.4435362 -0.408055908 0.998840559 0.0481024625 -0.00192134172 5 1 1
94.72632 1.46774545 -0.409012997 0.998823771 0.0484508012 -0.00189571676 5 1 1
95.2272039 1.49212963 -0.409957244 0.998806862 0.0487991268 -0.0018700921 5 1 1
95.7280846 1.51668873 -0.410888652 0.998789831 0.0491474392 -0.00184446774 5 1 1
96.2289619 1.54142277 -0.411807219 0.998772679 0.0494957382 -0.0018188437 5 1 1
96.7298359 1.56633173 -0.412712946 0.998755404 0.0498440238 -0.00179321997 5 1 1
97.2307066 1.59141563 -0.413605832 0.998738008 0.0501922958 -0.00176759658 5 1 1
97.731574 1.61667445 -0.414485877 0.99872049 0.050540554 -0.00174197354 5 1 1
98.2324382 1.64210821 -0.415353083 0.998702851 0.0508887984 -0.00171635084 5 1 1
98.733299 1.66771689 -0.416207448 0.99868509 0.0512370289 -0.0016907285 5 1 1
99.2341565 1.69350051 -0.417048972 0.998667207 0.0515852452 -0.00166510654 5 1 1
99.7350107 1.71945905 -0.417877656 0.998649202 0.0519334473 -0.00163948495 5 1 1
100.235862 1.74559252 -0.4186935 0.998631076 0.0522816351 -0.00161386375 5 1 1
100.736709 1.77190093 -0.419496503 0.998612828 0.0526298084 -0.00158824296 5 1 1
101.237554 1.79838426 -0.420286665 0.998594459 0.052977967 -0.00156262256 5 1 1
101.738395 1.82504252 -0.421063987 0.998575968 0.0533261109 -0.00153700259 5 1 1
102.239232 1.85187572 -0.421828469 0.998557355 0.05367424 -0.00151138304 5 1 1
102.740067 1.87888384 -0.42258011 0.998538621 0.0540223541 -0.00148576393 5 1 1
103.240898 1.90606689 -0.423318911 0.998519765 0.054370453 -0.00146014526 5 1 1
103.741726 1.93342487 -0.424044872 0.998500788 0.0547185367 -0.00143452705 5 1 1
104.24255 1.96095779 -0.424757992 0.998481689 0.0550666051 -0.0014089093 5 1 1
104.743371 1.98866563 -0.425458271 0.998462469 0.0554146579 -0.00138329203 5 1 1
105.244189 2.0165484 -0.42614571 0.998443127 0.0557626951 -0.00135767524 5 1 1
105.745004 2.0446061 -0.426820309 0.998423664 0.0561107166 -0.00133205894 5 1 1
106.245815 2.07283873 -0.427482067 0.998404079 0.0564587222 -0.00130644314 5 1 1
106.746623 2.10124629 -0.428130985 0.998384373 0.0568067117 -0.00128082785 5 1 1
107.247428 2.12982878 -0.428767062 0.998364546 0.0571546852 -0.00125521309 5 1 1
107.748229 2.1585862 -0.429390299 0.998344597 0.0575026424 -0.00122959885 5 1 1
108.249027 2.18751855 -0.430000696 0.998324527 0.0578505832 -0.00120398515 5 1 1
108.749822 2.21662583 -0.430598252 0.998304335 0.0581985075 -0.001178372 5 1 1
109.250614 2.24590804 -0.431182967 0.998284022 0.0585464152 -0.00115275941 5 1 1
109.751402 2.27536518 -0.431754842 0.998263588 0.0588943061 -0.00112714738 5 1 1
110.252187 2.30499725 -0.432313877 0.998243032 0.0592421801 -0.00110153593 5 1 1
110.752968 2.33480425 -0.432860071 0.998222355 0.0595900371 -0.00107592507 5 1 1
111.253747 2.36478617 -0.433393425 0.998201557 0.0599378769 -0.0010503148 5 1 1
111.754522 2.39494303 -0.433913938 0.998180637 0.0602856995 -0.00102470514 5 1 1
112.255293 2.42527482 -0.434421611 0.998159596 0.0606335047 -0.000999096087 5 1 1
-8.46827698e-16 0 3.30792069e-18 0.999824647 -0.0174738555 -0.00673348692 5 2 1
0.501507702 -0.00867754842 -0.00337109148 0.999830849 -0.017125329 -0.00670797357 5 2 1
1.0030121 -0.0171801671 -0.00672934251 0.999836929 -0.0167767916 -0.00668245875 5 2 1
1.5045132 -0.025507856 -0.0100747531 0.999842887 -0.0164282433 -0.00665694247 5 2 1
2.006011 -0.0336606151 -0.0134073233 0.999848723 -0.0160796843 -0.00663142474 5 2 1
2.5075055 -0.0416384445 -0.016727053 0.999854436 -0.0157311148 -0.00660590557 5 2 1
3.0089967 -0.0494413441 -0.0200339422 0.999860028 -0.0153825348 -0.00658038497 5 2 1
3.5104846 -0.057069314 -0.0233279911 0.999865498 -0.0150339444 -0.00655486295 5 2 1
4.0119692 -0.0645223541 -0.0266091994 0.999870846 -0.0146853439 -0.00652933951 5 2 1
4.5134505 -0.0718004645 -0.0298775674 0.999876072 -0.0143367333 -0.00650381467 5 2 1
5.0149285 -0.0789036451 -0.0331330949 0.999881175 -0.0139881127 -0.00647828843 5 2 1
5.51640319 -0.0858318959 -0.0363757819 0.999886157 -0.0136394824 -0.00645276081 5 2 1
6.01787459 -0.092585217 -0.0396056286 0.999891016 -0.0132908423 -0.00642723182 5 2 1
6.51934269 -0.0991636083 -0.0428226347 0.999895753 -0.0129421927 -0.00640170145 5 2 1
7.02080748 -0.10556707 -0.0460268005 0.999900369 -0.0125935337 -0.00637616973 5 2 1
7.52226898 -0.111795602 -0.0492181258 0.999904862 -0.0122448653 -0.00635063667 5 2 1
8.02372717 -0.117849204 -0.0523966106 0.999909233 -0.0118961878 -0.00632510226 5 2 1
8.52518207 -0.123727876 -0.055562255 0.999913482 -0.0115475012 -0.00629956652 5 2 1
9.02663366 -0.129431618 -0.058715059 0.999917608 -0.0111988057 -0.00627402946 5 2 1
9.52808195 -0.134960431 -0.0618550225 0.999921613 -0.0108501014 -0.0062484911 5 2 1
10.0295269 -0.140314314 -0.0649821456 0.999925495 -0.0105013885 -0.00622295143 5 2 1
10.5309686 -0.145493267 -0.0680964282 0.999929255 -0.010152667 -0.00619741046 5 2 1
11.032407 -0.150497291 -0.0711978704 0.999932893 -0.00980393704 -0.00617186822 5 2 1
11.5338421 -0.155326385 -0.0742864722 0.999936409 -0.00945519885 -0.0061463247 5 2 1
12.0352739 -0.159980549 -0.0773622335 0.999939802 -0.00910645249 -0.00612077992 5 2 1
12.5367024 -0.164459783 -0.0804251543 0.999943074 -0.00875769811 -0.00609523388 5 2 1
13.0381276 -0.168764087 -0.0834752348 0.999946223 -0.00840893582 -0.0060696866 5 2 1
13.5395495 -0.172893462 -0.0865124748 0.99994925 -0.00806016577 -0.00604413808 5 2 1
14.0409681 -0.176847907 -0.0895368743 0.999952154 -0.00771138806 -0.00601858833 5 2 1
14.5423834 -0.180627422 -0.0925484334 0.999954937 -0.00736260284 -0.00599303736 5 2 1
15.0437954 -0.184232007 -0.0955471521 0.999957597 -0.00701381023 -0.00596748519 5 2 1
15.545204 -0.187661663 -0.0985330303 0.999960135 -0.00666501035 -0.00594193182 5 2 1
16.0466094 -0.190916389 -0.101506068 0.99996255 -0.00631620334 -0.00591637726 5 2 1
16.5480115 -0.193996185 -0.104466265 0.999964844 -0.00596738932 -0.00589082151 5 2 1
17.0494103 -0.196901051 -0.107413622 0.999967015 -0.00561856842 -0.0058652646 5 2 1
17.5508058 -0.199630988 -0.110348139 0.999969063 -0.00526974078 -0.00583970652 5 2 1
18.052198 -0.202185995 -0.113269815 0.99997099 -0.0049209065 -0.00581414729 5 2 1
18.5535869 -0.204566072 -0.11617865 0.999972794 -0.00457206573 -0.00578858692 5 2 1
19.0549725 -0.206771219 -0.119074645 0.999974476 -0.0042232186 -0.00576302542 5 2 1
19.5563547 -0.208801437 -0.1219578 0.999976035 -0.00387436522 -0.00573746279 5 2 1
-9.63732857 17.6067476 -0.342169012 -0.484557657 0.874657185 -0.0133673483 5 1 2
-9.88053004 18.0456101 -0.348830544 -0.484781371 0.874536002 -0.0131834414 5 1 2
-10.1238422 18.484409 -0.35539975 -0.485005039 0.874414732 -0.0129995307 5 1 2
-10.3672649 18.9231441 -0.361876629 -0.485228663 0.874293374 -0.0128156164 5 1 2
-10.6107983 19.3618155 -0.368261182 -0.485452242 0.874171929 -0.0126316985 5 1 2
-10.8544424 19.8004232 -0.374553409 -0.485675775 0.874050396 -0.012447777 5 1 2
-11.0981971 20.2389672 -0.380753308 -0.485899264 0.873928775 -0.0122638521 5 1 2
-11.3420624 20.6774475 -0.386860882 -0.486122707 0.873807066 -0.0120799236 5 1 2
-11.5860384 21.1158641 -0.392876129 -0.486346106 0.87368527 -0.0118959918 5 1 2
-11.8301251 21.5542169 -0.398799049 -0.486569458 0.873563386 -0.0117120567 5 1 2
-12.0743223 21.992506 -0.404629643 -0.486792766 0.873441415 -0.0115281183 5 1 2
-12.3186303 22.4307315 -0.410367911 -0.487016028 0.873319356 -0.0113441766 5 1 2
-12.5630489 22.8688932 -0.416013852 -0.487239244 0.87319721 -0.0111602318 5 1 2
-12.8075781 23.3069912 -0.421567466 -0.487462415 0.873074977 -0.0109762838 5 1 2
-13.052218 23.7450254 -0.427028754 -0.48768554 0.872952656 -0.0107923328 5 1 2
-13.2969685 24.182996 -0.432397716 -0.48790862 0.872830247 -0.0106083788 5 1 2
-13.5418296 24.6209029 -0.437674351 -0.488131654 0.872707752 -0.0104244218 5 1 2
-13.7868014 25.058746 -0.442858659 -0.488354642 0.872585169 -0.0102404619 5 1 2
-14.0318839 25.4965254 -0.447950641 -0.488577584 0.872462499 -0.0100564992 5 1 2
-14.277077 25.9342411 -0.452950297 -0.48880048 0.872339741 -0.0098725337 5 1 2
-14.5223808 26.3718931 -0.457857626 -0.489023329 0.872216897 -0.00968856544 5 1 2
-14.7677952 26.8094814 -0.462672629 -0.489246133 0.872093965 -0.0095045945 5 1 2
-15.0133202 27.247006 -0.467395305 -0.489468891 0.871970946 -0.00932062093 5 1 2
-15.2589559 27.6844668 -0.472025654 -0.489691602 0.87184784 -0.00913664478 5 1 2
-15.5047022 28.121864 -0.476563677 -0.489914267 0.871724647 -0.00895266611 5 1 2
-15.7505592 28.5591974 -0.481009374 -0.490136886 0.871601367 -0.00876868497 5 1 2
-15.9965268 28.9964671 -0.485362744 -0.490359458 0.871478 -0.00858470142 5 1 2
-16.2426051 29.4336731 -0.489623788 -0.490581984 0.871354546 -0.00840071551 5 1 2
-16.488794 29.8708154 -0.493792505 -0.490804463 0.871231005 -0.0082167273 5 1 2
-16.7350936 30.307894 -0.497868896 -0.491026895 0.871107378 -0.00803273684 5 1 2
-16.9815038 30.7449088 -0.50185296 -0.491249281 0.870983663 -0.00784874418 5 1 2
-17.2280247 31.18186 -0.505744698 -0.49147162 0.870859862 -0.00766474938 5 1 2
-17.4746562 31.6187474 -0.509544109 -0.491693912 0.870735973 -0.0074807525 5 1 2
-17.7213984 32.0555711 -0.513251194 -0.491916157 0.870611998 -0.00729675358 5 1 2
-17.9682512 32.4923311 -0.516865952 -0.492138355 0.870487937 -0.00711275269 5 1 2
-18.2152146 32.9290274 -0.520388384 -0.492360506 0.870363789 -0.00692874987 5 1 2
-18.4622887 33.36566 -0.523818489 -0.49258261 0.870239554 -0.00674474519 5 1 2
-18.7094734 33.8022289 -0.527156268 -0.492804667 0.870115232 -0.00656073869 5 1 2
-18.9567688 34.238734 -0.530401721 -0.493026676 0.869990824 -0.00637673043 5 1 2
-19.2041749 34.6751754 -0.533554846 -0.493248638 0.869866329 -0.00619272047 5 1 2
-19.4516916 35.1115532 -0.536615646 -0.493470553 0.869741748 -0.00600870885 5 1 2
-19.6993189 35.5478672 -0.539584119 -0.493692421 0.869617081 -0.00582469564 5 1 2
-19.9470569 35.9841175 -0.542460265 -0.49391424 0.869492327 -0.00564068089 5 1 2
-20.1949055 36.420304 -0.545244085 -0.494136012 0.869367486 -0.00545666465 5 1 2
-20.4428647 36.8564269 -0.547935578 -0.494357737 0.869242559 -0.00527264698 5 1 2
-20.6909347 37.2924861 -0.550534745 -0.494579414 0.869117546 -0.00508862792 5 1 2
-20.9391152 37.7284815 -0.553041586 -0.494801043 0.868992447 -0.00490460755 5 1 2
-21.1874064 38.1644132 -0.5554561 -0.495022624 0.868867261 -0.0047205859 5 1 2
-21.4358083 38.6002812 -0.557778287 -0.495244157 0.86874199 -0.00453656304 5 1 2
-21.6843208 39.0360855 -0.560008148 -0.495465642 0.868616632 -0.00435253901 5 1 2
-21.9329439 39.4718261 -0.562145683 -0.49568708 0.868491187 -0.00416851388 5 1 2
-22.1816777 39.907503 -0.564190891 -0.495908469 0.868365657 -0.0039844877 5 1 2
-22.4305222 40.3431162 -0.566143772 -0.49612981 0.868240041 -0.00380046052 5 1 2
-22.6794772 40.7786656 -0.568004327 -0.496351102 0.868114339 -0.0036164324 5 1 2
-22.928543 41.2141513 -0.569772556 -0.496572346 0.86798855 -0.00343240339 5 1 2
-23.1777194 41.6495733 -0.571448458 -0.496793542 0.867862676 -0.00324837354 5 1 2
-23.4270064 42.0849316 -0.573032034 -0.49701469 0.867736716 -0.00306434292 5 1 2
-23.676404 42.5202262 -0.574523283 -0.497235789 0.86761067 -0.00288031157 5 1 2
-23.9259124 42.9554571 -0.575922205 -0.497456839 0.867484538 -0.00269627954 5 1 2
-24.1755313 43.3906243 -0.577228802 -0.497677841 0.86735832 -0.0025122469 5 1 2
-24.4252609 43.8257277 -0.578443071 -0.497898794 0.867232017 -0.0023282137 5 1 2
-24.6751012 44.2607674 -0.579565014 -0.498119698 0.867105627 -0.00214418 5 1 2
-24.9250521 44.6957435 -0.580594631 -0.498340553 0.866979152 -0.00196014583 5 1 2
-25.1751137 45.1306558 -0.581531921 -0.49856136 0.866852592 -0.00177611127 5 1 2
-25.4252859 45.5655044 -0.582376885 -0.498782117 0.866725946 -0.00159207637 5 1 2
-25.6755687 46.0002892 -0.583129522 -0.499002826 0.866599214 -0.00140804118 5 1 2
-25.9259622 46.4350104 -0.583789833 -0.499223485 0.866472396 -0.00122400575 5 1 2
-26.1764663 46.8696679 -0.584357817 -0.499444095 0.866345494 -0.00103997014 5 1 2
-26.4270811 47.3042616 -0.584833475 -0.499664656 0.866218505 -0.000855934401 5 1 2
-26.6778065 47.7387916 -0.585216806 -0.499885168 0.866091431 -0.000671898593 5 1 2
-26.9286426 48.1732579 -0.585507811 -0.50010563 0.865964272 -0.000487862768 5 1 2
-27.1795893 48.6076605 -0.585706489 -0.500326043 0.865837028 -0.000303826979 5 1 2
-27.4306467 49.0419994 -0.585812841 -0.500546406 0.865709698 -0.000119791282 5 1 2
-27.6818147 49.4762746 -0.585826866 -0.50076672 0.865582283 6.4244269e-05 5 1 2
-27.9330934 49.910486 -0.585748565 -0.500986984 0.865454782 0.00024827962 5 1 2
-28.1844827 50.3446338 -0.585577938 -0.501207199 0.865327197 0.000432314715 5 1 2
-28.4359827 50.7787178 -0.585314984 -0.501427363 0.865199526 0.000616349502 5 1 2
-28.6875933 51.2127381 -0.584959703 -0.501647478 0.86507177 0.000800383925 5 1 2
-28.9393145 51.6466947 -0.584512096 -0.501867543 0.864943929 0.000984417929 5 1 2
-29.1911464 52.0805876 -0.583972162 -0.502087558 0.864816003 0.00116845146 5 1 2
-29.4430889 52.5144168 -0.583339902 -0.502307523 0.864687992 0.00135248447 5 1 2
-29.6951421 52.9481822 -0.582615316 -0.502527438 0.864559896 0.00153651689 5 1 2
-29.947306 53.381884 -0.581798403 -0.502747303 0.864431715 0.00172054867 5 1 2
-30.1995804 53.815522 -0.580889163 -0.502967117 0.864303449 0.00190457977 5 1 2
-30.4519656 54.2490963 -0.579887597 -0.503186882 0.864175098 0.00208861012 5 1 2
-30.7044613 54.6826069 -0.578793705 -0.503406596 0.864046662 0.00227263967 5 1 2
-30.9570678 55.1160538 -0.577607486 -0.503626259 0.863918142 0.00245666837 5 1 2
-31.2097848 55.549437 -0.57632894 -0.503845872 0.863789537 0.00264069616 5 1 2
-31.4626125 55.9827564 -0.574958068 -0.504065435 0.863660847 0.00282472299 5 1 2
-31.7155509 56.4160122 -0.57349487 -0.504284947 0.863532072 0.0030087488 5 1 2
-31.9685999 56.8492042 -0.571939345 -0.504504408 0.863403213 0.00319277354 5 1 2
-32.2217596 57.2823325 -0.570291493 -0.504723818 0.86327427 0.00337679715 5 1 2
-32.4750299 57.7153972 -0.568551315 -0.504943178 0.863145241 0.00356081958 5 1 2
-32.7284108 58.148398 -0.566718811 -0.505162487 0.863016128 0.00374484078 5 1 2
-32.9819024 58.5813352 -0.56479398 -0.505381745 0.862886931 0.00392886068 5 1 2
-33.2355046 59.0142087 -0.562776823 -0.505600952 0.862757649 0.00411287924 5 1 2
-33.4892175 59.4470184 -0.560667339 -0.505820108 0.862628283 0.00429689641 5 1 2
-33.7430411 59.8797645 -0.558465529 -0.506039213 0.862498833 0.00448091212 5 1 2
-33.9969752 60.3124468 -0.556171392 -0.506258266 0.862369298 0.00466492633 5 1 2
-34.2510201 60.7450654 -0.553784929 -0.506477269 0.862239679 0.00484893897 5 1 2
-34.5051755 61.1776203 -0.551306139 -0.50669622 0.862109976 0.00503295 5 1 2
-34.7594417 61.6101115 -0.548735023 -0.50691512 0.861980188 0.00521695935 5 1 2
-35.0138184 62.042539 -0.54607158 -0.507133968 0.861850317 0.00540096698 5 1 2
-35.2683058 62.4749027 -0.54331581 -0.507352765 0.861720361 0.00558497284 5 1 2
-35.5229039 62.9072028 -0.540467715 -0.50757151 0.861590321 0.00576897685 5 1 2
-35.7776126 63.3394391 -0.537527293 -0.507790203 0.861460197 0.00595297898 5 1 2
-36.0324319 63.7716117 -0.534494544 -0.508008845 0.861329989 0.00613697917 5 1 2
-36.2873619 64.2037206 -0.531369469 -0.508227436 0.861199697 0.00632097736 5 1 2
-36.5424026 64.6357658 -0.528152067 -0.508445974 0.861069322 0.0065049735 5 1 2
-36.7975539 65.0677473 -0.524842339 -0.50866446 0.860938862 0.00668896754 5 1 2
-37.0528158 65.499665 -0.521440284 -0.508882895 0.860808319 0.00687295941 5 1 2
-37.3081884 65.9315191 -0.517945903 -0.509101278 0.860677692 0.00705694907 5 1 2
-37.5636716 66.3633094 -0.514359195 -0.509319608 0.860546981 0.00724093646 5 1 2
-37.8192655 66.795036 -0.510680161 -0.509537886 0.860416186 0.00742492153 5 1 2
-38.07497 67.2266989 -0.506908801 -0.509756113 0.860285308 0.00760890422 5 1 2
-38.3307852 67.6582981 -0.503045114 -0.509974286 0.860154346 0.00779288447 5 1 2
-38.586711 68.0898336 -0.4990891 -0.510192408 0.8600233 0.00797686225 5 1 2
-38.8427475 68.5213054 -0.49504076 -0.510410477 0.859892171 0.00816083748 5 1 2
-39.0988946 68.9527134 -0.490900093 -0.510628494 0.859760958 0.00834481011 5 1 2
-39.3551523 69.3840577 -0.4866671 -0.510846458 0.859629662 0.0085287801 5 1 2
-39.6115207 69.8153384 -0.482341781 -0.51106437 0.859498283 0.00871274738 5 1 2
-39.8679998 70.2465553 -0.477924135 -0.511282229 0.85936682 0.0088967119 5 1 2
-40.1245895 70.6777085 -0.473414162 -0.511500035 0.859235274 0.00908067361 5 1 2
-40.3812898 71.1087979 -0.468811863 -0.511717789 0.859103644 0.00926463245 5 1 2
-40.6381008 71.5398237 -0.464117238 -0.51193549 0.858971931 0.00944858838 5 1 2
-40.8950224 71.9707858 -0.459330286 -0.512153137 0.858840135 0.00963254132 5 1 2
-41.1520547 72.4016841 -0.454451008 -0.512370732 0.858708256 0.00981649124 5 1 2
-41.4091976 72.8325187 -0.449479403 -0.512588274 0.858576294 0.0100004381 5 1 2
-41.6664512 73.2632896 -0.444415471 -0.512805763 0.858444248 0.0101843818 5 1 2
-41.9238154 73.6939968 -0.439259213 -0.513023199 0.85831212 0.0103683223 5 1 2
-42.1812903 74.1246403 -0.434010629 -0.513240581 0.858179909 0.0105522595 5 1 2
-42.4388758 74.5552201 -0.428669718 -0.51345791 0.858047614 0.0107361935 5 1 2
-42.696572 74.9857362 -0.423236481 -0.513675186 0.857915237 0.0109201241 5 1 2
-42.9543788 75.4161885 -0.417710917 -0.513892409 0.857782777 0.0111040513 5 1 2
-43.2122962 75.8465771 -0.412093027 -0.514109578 0.857650234 0.011287975 5 1 2
-43.4703243 76.276902 -0.40638281 -0.514326694 0.857517608 0.0114718952 5 1 2
-43.7284631 76.7071632 -0.400580267 -0.514543756 0.857384899 0.0116558118 5 1 2
-43.9867125 77.1373607 -0.394685397 -0.514760764 0.857252108 0.0118397248 5 1 2
-44.2450725 77.5674945 -0.388698201 -0.514977719 0.857119234 0.0120236341 5 1 2
-44.5035432 77.9975646 -0.382618678 -0.51519462 0.856986278 0.0122075397 5 1 2
-44.7621245 78.4275709 -0.376446829 -0.515411467 0.856853238 0.0123914415 5 1 2
-45.0208165 78.8575136 -0.370182653 -0.51562826 0.856720117 0.0125753395 5 1 2
-45.2796191 79.2873925 -0.363826151 -0.515844999 0.856586913 0.0127592335 5 1 2
-45.5385324 79.7172077 -0.357377322 -0.516061684 0.856453626 0.0129431236 5 1 2
-45.7975563 80.1469592 -0.350836167 -0.516278316 0.856320257 0.0131270097 5 1 2
-46.0566909 80.5766469 -0.344202685 -0.516494893 0.856186806 0.0133108917 5 1 2
-46.3159361 81.006271 -0.337476877 -0.516711415 0.856053272 0.0134947696 5 1 2
-46.575292 81.4358314 -0.330658742 -0.516927884 0.855919656 0.0136786434 5 1 2
-46.8347585 81.865328 -0.323748281 -0.517144298 0.855785958 0.0138625129 5 1 2
-47.0943356 82.2947609 -0.316745494 -0.517360658 0.855652177 0.0140463781 5 1 2
-47.3540234 82.7241301 -0.30965038 -0.517576964 0.855518315 0.014230239 5 1 2
-47.6138219 83.1534356 -0.302462939 -0.517793215 0.85538437 0.0144140956 5 1 2
-47.8737309 83.5826774 -0.295183172 -0.518009411 0.855250343 0.0145979477 5 1 2
-48.1337507 84.0118555 -0.287811078 -0.518225553 0.855116235 0.0147817952 5 1 2
-48.3938811 84.4409698 -0.280346658 -0.51844164 0.854982044 0.0149656383 5 1 2
-48.6541221 84.8700205 -0.272789912 -0.518657673 0.854847771 0.0151494767 5 1 2
-48.9144738 85.2990074 -0.265140839 -0.51887365 0.854713417 0.0153333105 5 1 2
-49.1749361 85.7279306 -0.257399439 -0.519089573 0.85457898 0.0155171395 5 1 2
-49.4355091 86.1567901 -0.249565713 -0.519305441 0.854444462 0.0157009638 5 1 2
-49.6961927 86.5855859 -0.241639661 -0.519521253 0.854309862 0.0158847833 5 1 2
-49.9569869 87.014318 -0.233621282 -0.519737011 0.854175181 0.0160685979 5 1 2
-50.2178918 87.4429863 -0.225510577 -0.519952714 0.854040417 0.0162524076 5 1 2
-50.4789074 87.871591 -0.217307545 -0.520168361 0.853905572 0.0164362123 5 1 2
-50.7400336 88.3001319 -0.209012186 -0.520383954 0.853770646 0.016620012 5 1 2
-51.0012704 88.7286091 -0.200624501 -0.520599491 0.853635638 0.0168038065 5 1 2
-51.2626179 89.1570226 -0.19214449 -0.520814972 0.853500549 0.0169875959 5 1 2
-51.5240761 89.5853724 -0.183572152 -0.521030398 0.853365378 0.0171713802 5 1 2
-51.7856449 90.0136585 -0.174907488 -0.521245769 0.853230125 0.0173551591 5 1 2
-52.0473243 90.4418809 -0.166150497 -0.521461084 0.853094792 0.0175389328 5 1 2
-52.3091144 90.8700395 -0.15730118 -0.521676344 0.852959377 0.0177227011 5 1 2
-52.5710151 91.2981344 -0.148359536 -0.521891548 0.85282388 0.017906464 5 1 2
-52.8330265 91.7261657 -0.139325565 -0.522106696 0.852688303 0.0180902214 5 1 2
-53.0951485 92.1541332 -0.130199269 -0.522321789 0.852552644 0.0182739733 5 1 2
-53.3573812 92.582037 -0.120980645 -0.522536825 0.852416904 0.0184577196 5 1 2
-53.6197245 93.009877 -0.111669696 -0.522751806 0.852281084 0.0186414603 5 1 2
-53.8821784 93.4376534 -0.102266419 -0.522966731 0.852145182 0.0188251953 5 1 2
-54.144743 93.8653661 -0.0927708167 -0.523181599 0.852009199 0.0190089246 5 1 2
-54.4074183 94.293015 -0.0831828875 -0.523396412 0.851873135 0.019192648 5 1 2
-54.6702042 94.7206002 -0.0735026318 -0.523611169 0.85173699 0.0193763656 5 1 2
-54.9331007 95.1481217 -0.0637300496 -0.523825869 0.851600765 0.0195600774 5 1 2
-55.1961079 95.5755795 -0.0538651409 -0.524040513 0.851464458 0.0197437831 5 1 2
-55.4592258 96.0029736 -0.0439079058 -0.524255101 0.851328071 0.0199274829 5 1 2
-55.7224543 96.430304 -0.0338583441 -0.524469632 0.851191603 0.0201111766 5 1 2
-55.9857934 96.8575706 -0.023716456 -0.524684107 0.851055055 0.0202948641 5 1 2
-56.2492432 97.2847736 -0.0134822414 -0.524898526 0.850918426 0.0204785455 5 1 2
-56.5128036 97.7119128 -0.0031557003 -0.525112888 0.850781716 0.0206622207 5 1 2
-56.7764747 98.1389883 0.00726316729 -0.525327193 0.850644926 0.0208458896 5 1 2
-57.0402564 98.5660001 0.0177743614 -0.525541442 0.850508055 0.0210295522 5 1 2
-57.3041487 98.9929482 0.0283778819 -0.525755633 0.850371104 0.0212132084 5 1 2
-57.5681518 99.4198326 0.039073729 -0.525969769 0.850234072 0.0213968581 5 1 2
-57.8322654 99.8466533 0.0498619025 -0.526183847 0.85009696 0.0215805013 5 1 2
-58.0964897 100.27341 0.0607424025 -0.526397868 0.849959768 0.021764138 5 1 2
0 -8.45299428e-16 4.04488984e-17 -0.475573138 0.879432132 -0.0207199555 5 2 2
-0.238775607 0.441411107 -0.0103545918 -0.475798588 0.879314486 -0.0205362416 5 2 2
-0.477661861 0.882758501 -0.0206168571 -0.476023997 0.879196752 -0.0203525219 5 2 2
-0.716658762 1.32404218 -0.0307867959 -0.476249364 0.879078929 -0.0201687964 5 2 2
-0.955766309 1.76526215 -0.0408644082 -0.476474688 0.878961017 -0.0199850651 5 2 2
-1.1949845 2.2064184 -0.050849694 -0.47669997 0.878843016 -0.019801328 5 2 2
-1.43431334 2.64751094 -0.0607426533 -0.47692521 0.878724926 -0.0196175853 5 2 2
-1.67375283 3.08853976 -0.0705432862 -0.477150407 0.878606747 -0.019433837 5 2 2
-1.91330296 3.52950488 -0.0802515926 -0.477375562 0.878488479 -0.0192500832 5 2 2
-2.15296374 3.97040627 -0.0898675724 -0.477600674 0.878370122 -0.0190663238 5 2 2
-2.39273517 4.41124396 -0.0993912258 -0.477825743 0.878251677 -0.018882559 5 2 2
-2.63261724 4.85201793 -0.108822553 -0.47805077 0.878133143 -0.0186987887 5 2 2
-2.87260996 5.29272818 -0.118161553 -0.478275754 0.87801452 -0.0185150132 5 2 2
-3.11271332 5.73337473 -0.127408227 -0.478500695 0.877895808 -0.0183312323 5 2 2
-3.35292734 6.17395755 -0.136562575 -0.478725593 0.877777008 -0.0181474462 5 2 2
-3.593252 6.61447667 -0.145624596 -0.478950449 0.87765812 -0.017963655 5 2 2
-3.8336873 7.05493207 -0.15459429 -0.479175261 0.877539142 -0.0177798586 5 2 2
-4.07423325 7.49532376 -0.163471658 -0.47940003 0.877420076 -0.0175960571 5 2 2
-4.31488985 7.93565173 -0.1722567 -0.479624756 0.877300922 -0.0174122506 5 2 2
-4.55565709 8.37591599 -0.180949415 -0.479849438 0.877181679 -0.0172284392 5 2 2
-4.79653499 8.81611654 -0.189549803 -0.480074078 0.877062347 -0.0170446229 5 2 2
-5.03752352 9.25625337 -0.198057865 -0.480298674 0.876942927 -0.0168608016 5 2 2
-5.27862271 9.69632649 -0.206473601 -0.480523226 0.876823419 -0.0166769756 5 2 2
-5.51983254 10.1363359 -0.21479701 -0.480747735 0.876703822 -0.0164931449 5 2 2
-5.76115301 10.5762816 -0.223028092 -0.4809722 0.876584137 -0.0163093094 5 2 2
-6.00258414 11.0161636 -0.231166848 -0.481196622 0.876464364 -0.0161254693 5 2 2
-6.24412591 11.4559818 -0.239213278 -0.481420999 0.876344502 -0.0159416247 5 2 2
-6.48577832 11.8957364 -0.247167381 -0.481645333 0.876224552 -0.0157577755 5 2 2
-6.72754139 12.3354272 -0.255029158 -0.481869624 0.876104514 -0.0155739218 5 2 2
-6.9694151 12.7750543 -0.262798608 -0.48209387 0.875984387 -0.0153900637 5 2 2
-7.21139945 13.2146177 -0.270475732 -0.482318072 0.875864173 -0.0152062012 5 2 2
-7.45349446 13.6541174 -0.278060529 -0.48254223 0.87574387 -0.0150223345 5 2 2
-7.69570011 14.0935534 -0.285553 -0.482766344 0.875623479 -0.0148384634 5 2 2
-7.9380164 14.5329257 -0.292953144 -0.482990414 0.875503 -0.0146545882 5 2 2
-8.18044334 14.9722342 -0.300260962 -0.483214439 0.875382433 -0.0144707088 5 2 2
-8.42298093 15.4114791 -0.307476453 -0.48343842 0.875261778 -0.0142868253 5 2 2
-8.66562917 15.8506602 -0.314599618 -0.483662357 0.875141035 -0.0141029378 5 2 2
-8.90838805 16.2897776 -0.321630456 -0.483886249 0.875020205 -0.0139190462 5 2 2
-9.15125758 16.7288313 -0.328568968 -0.484110096 0.874899286 -0.0137351508 5 2 2
-9.39423775 17.1678213 -0.335415153 -0.484333899 0.874778279 -0.0135512515 5 2 2
-10.913985 -16.8261083 -0.0610351132 -0.540240227 -0.841508382 -0.00203478113 5 1 3
-11.184785 -17.24803 -0.0620426347 -0.540042908 -0.841635147 -0.00198435378 5 1 3
-11.455485 -17.6700137 -0.0630248706 -0.539845556 -0.841761864 -0.00193392593 5 1 3
-11.726085 -18.0920593 -0.0639818208 -0.539648172 -0.841888533 -0.00188349758 5 1 3
-11.996585 -18.5141668 -0.0649134853 -0.539450755 -0.842015156 -0.00183306875 5 1 3
-12.2669851 -18.9363363 -0.0658198641 -0.539253306 -0.84214173 -0.00178263943 5 1 3
-12.5372851 -19.3585676 -0.0667009572 -0.539055825 -0.842268257 -0.00173220965 5 1 3
-12.8074852 -19.7808608 -0.0675567647 -0.538858311 -0.842394737 -0.0016817794 5 1 3
-13.0775853 -20.2032159 -0.0683872865 -0.538660764 -0.842521169 -0.0016313487 5 1 3
-13.3475854 -20.625633 -0.0691925226 -0.538463185 -0.842647553 -0.00158091756 5 1 3
-13.6174855 -21.0481119 -0.0699724731 -0.538265574 -0.84277389 -0.00153048598 5 1 3
-13.8872857 -21.4706528 -0.0707271378 -0.53806793 -0.842900179 -0.00148005398 5 1 3
-14.1569858 -21.8932555 -0.0714565169 -0.537870255 -0.84302642 -0.00142962155 5 1 3
-14.426586 -22.3159202 -0.0721606104 -0.537672547 -0.843152614 -0.00137918872 5 1 3
-14.6960862 -22.7386468 -0.0728394181 -0.537474806 -0.84327876 -0.00132875549 5 1 3
-14.9654864 -23.1614352 -0.0734929402 -0.537277034 -0.843404858 -0.00127832186 5 1 3
-15.2347867 -23.5842856 -0.0741211766 -0.537079229 -0.843530909 -0.00122788785 5 1 3
-15.5039869 -24.0071979 -0.0747241274 -0.536881393 -0.843656911 -0.00117745347 5 1 3
-15.7730872 -24.4301721 -0.0753017924 -0.536683524 -0.843782866 -0.00112701872 5 1 3
-16.0420874 -24.8532082 -0.0758541718 -0.536485623 -0.843908773 -0.00107658362 5 1 3
-16.3109877 -25.2763062 -0.0763812655 -0.53628769 -0.844034632 -0.00102614816 5 1 3
-16.5797881 -25.6994661 -0.0768830736 -0.536089726 -0.844160443 -0.000975712371 5 1 3
-16.8484884 -26.1226879 -0.0773595959 -0.535891729 -0.844286207 -0.000925276247 5 1 3
-17.1170887 -26.5459717 -0.0778108326 -0.5356937 -0.844411922 -0.000874839801 5 1 3
-17.3855891 -26.9693173 -0.0782367836 -0.53549564 -0.84453759 -0.000824403041 5 1 3
-17.6539895 -27.3927248 -0.078637449 -0.535297548 -0.844663209 -0.000773965976 5 1 3
-17.9222899 -27.8161943 -0.0790128286 -0.535099423 -0.84478878 -0.000723528615 5 1 3
-18.1904903 -28.2397256 -0.0793629226 -0.534901268 -0.844914304 -0.000673090966 5 1 3
-18.4585908 -28.6633189 -0.079687731 -0.53470308 -0.845039779 -0.000622653039 5 1 3
-18.7265912 -29.0869741 -0.0799872536 -0.534504861 -0.845165207 -0.000572214842 5 1 3
-18.9944917 -29.5106911 -0.0802614906 -0.53430661 -0.845290586 -0.000521776384 5 1 3
-19.2622922 -29.9344701 -0.0805104419 -0.534108327 -0.845415917 -0.000471337673 5 1 3
-19.5299927 -30.358311 -0.0807341075 -0.533910013 -0.8455412 -0.000420898719 5 1 3
-19.7975932 -30.7822138 -0.0809324875 -0.533711667 -0.845666435 -0.000370459529 5 1 3
-20.0650937 -31.2061785 -0.0811055817 -0.53351329 -0.845791622 -0.000320020112 5 1 3
-20.3324943 -31.6302051 -0.0812533904 -0.533314881 -0.84591676 -0.000269580478 5 1 3
-20.5997949 -32.0542936 -0.0813759133 -0.533116441 -0.84604185 -0.000219140635 5 1 3
-20.8669954 -32.478444 -0.0814731505 -0.532917969 -0.846166892 -0.000168700592 5 1 3
-21.1340961 -32.9026563 -0.0815451021 -0.532719466 -0.846291886 -0.000118260357 5 1 3
-21.4010967 -33.3269306 -0.081591768 -0.532520931 -0.846416832 -6.7819939e-05 5 1 3
-21.6679973 -33.7512667 -0.0816131483 -0.532322366 -0.846541729 -1.7379347e-05 5 1 3
-21.934798 -34.1756648 -0.0816092428 -0.532123769 -0.846666578 3.30614105e-05 5 1 3
-22.2014987 -34.6001247 -0.0815800517 -0.53192514 -0.846791378 8.35023247e-05 5 1 3
-22.4680993 -35.0246466 -0.0815255749 -0.531726481 -0.84691613 0.000133943387 5 1 3
-22.7346001 -35.4492303 -0.0814458125 -0.53152779 -0.847040834 0.000184384589 5 1 3
-23.0010008 -35.873876 -0.0813407643 -0.531329068 -0.847165489 0.000234825921 5 1 3
-23.2673015 -36.2985836 -0.0812104305 -0.531130315 -0.847290096 0.000285267375 5 1 3
-23.5335023 -36.723353 -0.081054811 -0.530931531 -0.847414655 0.000335708942 5 1 3
-23.7996031 -37.1481844 -0.0808739059 -0.530732716 -0.847539165 0.000386150614 5 1 3
-24.0656039 -37.5730777 -0.0806677151 -0.530533869 -0.847663626 0.000436592382 5 1 3
-24.3315047 -37.9980329 -0.0804362386 -0.530334992 -0.847788039 0.000487034237 5 1 3
-24.5973055 -38.42305 -0.0801794764 -0.530136084 -0.847912403 0.00053747617 5 1 3
-24.8630063 -38.848129 -0.0798974285 -0.529937145 -0.848036719 0.000587918172 5 1 3
-25.1286072 -39.27327 -0.079590095 -0.529738175 -0.848160986 0.000638360236 5 1 3
-25.3941081 -39.6984728 -0.0792574758 -0.529539174 -0.848285205 0.000688802352 5 1 3
-25.659509 -40.1237375 -0.0788995709 -0.529340143 -0.848409375 0.000739244511 5 1 3
-25.9248099 -40.5490642 -0.0785163804 -0.52914108 -0.848533496 0.000789686705 5 1 3
-26.1900108 -40.9744527 -0.0781079042 -0.528941987 -0.848657568 0.000840128925 5 1 3
-26.4551118 -41.3999031 -0.0776741423 -0.528742863 -0.848781592 0.000890571163 5 1 3
-26.7201127 -41.8254155 -0.0772150947 -0.528543709 -0.848905568 0.000941013409 5 1 3
-26.9850137 -42.2509898 -0.0767307615 -0.528344523 -0.849029494 0.000991455655 5 1 3
-27.2498147 -42.6766259 -0.0762211425 -0.528145308 -0.849153372 0.00104189789 5 1 3
-27.5145157 -43.102324 -0.075686238 -0.527946061 -0.8492772 0.00109234011 5 1 3
-27.7791168 -43.528084 -0.0751260477 -0.527746784 -0.849400981 0.00114278231 5 1 3
-28.0436178 -43.9539059 -0.0745405718 -0.527547477 -0.849524712 0.00119322446 5 1 3
-28.3080189 -44.3797897 -0.0739298101 -0.527348139 -0.849648394 0.00124366658 5 1 3
-28.57232 -44.8057354 -0.0732937629 -0.527148771 -0.849772028 0.00129410864 5 1 3
-28.8365211 -45.231743 -0.0726324299 -0.526949372 -0.849895612 0.00134455064 5 1 3
-29.1006222 -45.6578125 -0.0719458113 -0.526749943 -0.850019148 0.00139499258 5 1 3
-29.3646233 -46.0839439 -0.071233907 -0.526550483 -0.850142635 0.00144543443 5 1 3
-29.6285245 -46.5101373 -0.070496717 -0.526350993 -0.850266072 0.0014958762 5 1 3
-29.8923256 -46.9363925 -0.0697342413 -0.526151473 -0.850389461 0.00154631787 5 1 3
-30.1560268 -47.3627096 -0.06894648 -0.525951923 -0.850512801 0.00159675943 5 1 3
-30.419628 -47.7890887 -0.068133433 -0.525752343 -0.850636092 0.00164720088 5 1 3
-30.6831293 -48.2155296 -0.0672951003 -0.525552732 -0.850759334 0.00169764221 5 1 3
-30.9465305 -48.6420325 -0.066431482 -0.525353091 -0.850882526 0.00174808341 5 1 3
-31.2098318 -49.0685973 -0.0655425779 -0.525153421 -0.85100567 0.00179852447 5 1 3
-31.473033 -49.4952239 -0.0646283883 -0.52495372 -0.851128764 0.00184896539 5 1 3
-31.7361343 -49.9219125 -0.0636889129 -0.524753989 -0.85125181 0.00189940614 5 1 3
-31.9991356 -50.348663 -0.0627241518 -0.524554228 -0.851374806 0.00194984673 5 1 3
-32.2620369 -50.7754754 -0.0617341051 -0.524354437 -0.851497753 0.00200028714 5 1 3
-32.5248383 -51.2023497 -0.0607187727 -0.524154616 -0.851620651 0.00205072738 5 1 3
-32.7875396 -51.6292859 -0.0596781547 -0.523954765 -0.851743499 0.00210116742 5 1 3
-33.050141 -52.056284 -0.0586122509 -0.523754885 -0.851866299 0.00215160726 5 1 3
-33.3126424 -52.483344 -0.0575210615 -0.523554974 -0.851989049 0.00220204689 5 1 3
-33.5750438 -52.9104659 -0.0564045864 -0.523355034 -0.85211175 0.0022524863 5 1 3
-33.8373452 -53.3376498 -0.0552628256 -0.523155064 -0.852234401 0.00230292549 5 1 3
-34.0995467 -53.7648955 -0.0540957792 -0.522955065 -0.852357004 0.00235336444 5 1 3
-34.3616482 -54.1922031 -0.0529034471 -0.522755036 -0.852479557 0.00240380314 5 1 3
-34.6236496 -54.6195727 -0.0516858293 -0.522554977 -0.85260206 0.0024542416 5 1 3
-34.8855511 -55.0470041 -0.0504429259 -0.522354888 -0.852724514 0.00250467979 5 1 3
-35.1473526 -55.4744975 -0.0491747367 -0.52215477 -0.852846919 0.00255511771 5 1 3
-35.4090542 -55.9020528 -0.0478812619 -0.521954622 -0.852969275 0.00260555536 5 1 3
-35.6706557 -56.3296699 -0.0465625014 -0.521754445 -0.85309158 0.00265599271 5 1 3
-35.9321573 -56.757349 -0.0452184553 -0.521554239 -0.853213837 0.00270642977 5 1 3
-36.1935588 -57.18509 -0.0438491235 -0.521354002 -0.853336044 0.00275686653 5 1 3
-36.4548604 -57.6128929 -0.042454506 -0.521153737 -0.853458201 0.00280730297 5 1 3
-36.7160621 -58.0407577 -0.0410346028 -0.520953442 -0.853580309 0.00285773909 5 1 3
-36.9771637 -58.4686844 -0.0395894139 -0.520753118 -0.853702368 0.00290817488 5 1 3
-37.2381653 -58.896673 -0.0381189394 -0.520552765 -0.853824376 0.00295861032 5 1 3
-37.499067 -59.3247235 -0.0366231792 -0.520352382 -0.853946336 0.00300904542 5 1 3
-37.7598687 -59.752836 -0.0351021333 -0.52015197 -0.854068245 0.00305948016 5 1 3
-38.0205704 -60.1810103 -0.0335558018 -0.519951529 -0.854190105 0.00310991454 5 1 3
-38.2811721 -60.6092465 -0.0319841846 -0.519751059 -0.854311916 0.00316034854 5 1 3
-38.5416738 -61.0375447 -0.0303872817 -0.519550559 -0.854433676 0.00321078216 5 1 3
-38.8020756 -61.4659047 -0.0287650931 -0.519350031 -0.854555387 0.00326121539 5 1 3
-39.0623774 -61.8943267 -0.0271176189 -0.519149473 -0.854677049 0.00331164821 5 1 3
-39.3225791 -62.3228105 -0.025444859 -0.518948887 -0.85479866 0.00336208063 5 1 3
-39.5826809 -62.7513563 -0.0237468134 -0.518748271 -0.854920222 0.00341251262 5 1 3
-39.8426828 -63.179964 -0.0220234821 -0.518547626 -0.855041734 0.0034629442 5 1 3
-40.1025846 -63.6086336 -0.0202748652 -0.518346953 -0.855163196 0.00351337533 5 1 3
-40.3623864 -64.0373651 -0.0185009626 -0.518146251 -0.855284609 0.00356380602 5 1 3
-40.6220883 -64.4661585 -0.0167017743 -0.51794552 -0.855405971 0.00361423626 5 1 3
-40.8816902 -64.8950138 -0.0148773003 -0.51774476 -0.855527284 0.00366466603 5 1 3
-41.1411921 -65.323931 -0.0130275407 -0.517543971 -0.855648547 0.00371509534 5 1 3
-41.400594 -65.7529101 -0.0111524954 -0.517343154 -0.85576976 0.00376552417 5 1 3
-41.659896 -66.1819511 -0.00925216442 -0.517142308 -0.855890923 0.00381595251 5 1 3
-41.9190979 -66.611054 -0.00732654777 -0.516941433 -0.856012036 0.00386638035 5 1 3
-42.1781999 -67.0402189 -0.00537564545 -0.516740529 -0.856133099 0.00391680769 5 1 3
-42.4372019 -67.4694456 -0.00339945745 -0.516539597 -0.856254113 0.00396723451 5 1 3
-42.6961039 -67.8987342 -0.00139798377 -0.516338637 -0.856375076 0.00401766081 5 1 3
-42.9549059 -68.3280848 0.000628775576 -0.516137648 -0.856495989 0.00406808658 5 1 3
-43.2136079 -68.7574973 0.0026808206 -0.51593663 -0.856616852 0.00411851181 5 1 3
-43.47221 -69.1869716 0.00475815129 -0.515735584 -0.856737665 0.00416893649 5 1 3
-43.7307121 -69.6165079 0.00686076766 -0.51553451 -0.856858429 0.00421936061 5 1 3
-43.9891142 -70.0461061 0.00898866971 -0.515333407 -0.856979141 0.00426978417 5 1 3
-44.2474163 -70.4757662 0.0111418574 -0.515132275 -0.857099804 0.00432020715 5 1 3
-44.5056184 -70.9054881 0.0133203308 -0.514931116 -0.857220417 0.00437062955 5 1 3
-44.7637206 -71.335272 0.0155240899 -0.514729928 -0.85734098 0.00442105135 5 1 3
-45.0217227 -71.7651178 0.0177531346 -0.514528712 -0.857461492 0.00447147256 5 1 3
-45.2796249 -72.1950256 0.020007465 -0.514327468 -0.857581954 0.00452189315 5 1 3
-45.5374271 -72.6249952 0.0222870811 -0.514126195 -0.857702366 0.00457231313 5 1 3
-45.7951293 -73.0550267 0.0245919829 -0.513924895 -0.857822728 0.00462273248 5 1 3
-46.0527315 -73.4851201 0.0269221703 -0.513723566 -0.85794304 0.0046731512 5 1 3
-46.3102338 -73.9152755 0.0292776434 -0.51352221 -0.858063301 0.00472356927 5 1 3
-46.567636 -74.3454927 0.0316584022 -0.513320825 -0.858183512 0.00477398668 5 1 3
-46.8249383 -74.7757718 0.0340644467 -0.513119412 -0.858303672 0.00482440344 5 1 3
-47.0821406 -75.2061129 0.0364957768 -0.512917971 -0.858423783 0.00487481952 5 1 3
-47.3392429 -75.6365159 0.0389523926 -0.512716503 -0.858543843 0.00492523493 5 1 3
-47.5962452 -76.0669807 0.0414342941 -0.512515006 -0.858663852 0.00497564965 5 1 3
-47.8531476 -76.4975075 0.0439414812 -0.512313482 -0.858783811 0.00502606367 5 1 3
-48.10995 -76.9280962 0.046473954 -0.51211193 -0.85890372 0.00507647699 5 1 3
-48.3666523 -77.3587468 0.0490317125 -0.51191035 -0.859023579 0.00512688959 5 1 3
-48.6232547 -77.7894593 0.0516147567 -0.511708742 -0.859143387 0.00517730147 5 1 3
-48.8797572 -78.2202337 0.0542230866 -0.511507107 -0.859263144 0.00522771262 5 1 3
-49.1361596 -78.65107 0.0568567021 -0.511305444 -0.859382851 0.00527812302 5 1 3
-49.392462 -79.0819682 0.0595156033 -0.511103753 -0.859502508 0.00532853268 5 1 3
-49.6486645 -79.5129283 0.0621997901 -0.510902035 -0.859622114 0.00537894159 5 1 3
-49.904767 -79.9439503 0.0649092627 -0.510700289 -0.859741669 0.00542934972 5 1 3
-50.1607695 -80.3750343 0.0676440209 -0.510498515 -0.859861174 0.00547975708 5 1 3
-50.416672 -80.8061801 0.0704040648 -0.510296714 -0.859980628 0.00553016366 5 1 3
-50.6724745 -81.2373878 0.0731893944 -0.510094886 -0.860100032 0.00558056945 5 1 3
-50.9281771 -81.6686575 0.0760000096 -0.50989303 -0.860219385 0.00563097443 5 1 3
-51.1837797 -82.099989 0.0788359105 -0.509691147 -0.860338687 0.00568137861 5 1 3
-51.4392823 -82.5313825 0.0816970971 -0.509489236 -0.860457939 0.00573178196 5 1 3
-51.6946849 -82.9628379 0.0845835694 -0.509287299 -0.86057714 0.00578218449 5 1 3
-51.9499875 -83.3943552 0.0874953273 -0.509085333 -0.86069629 0.00583258619 5 1 3
-52.2051901 -83.8259343 0.0904323709 -0.508883341 -0.86081539 0.00588298704 5 1 3
-52.4602928 -84.2575754 0.0933947002 -0.508681321 -0.860934439 0.00593338704 5 1 3
-52.7152954 -84.6892784 0.0963823151 -0.508479275 -0.861053437 0.00598378617 5 1 3
-52.9701981 -85.1210433 0.0993952158 -0.508277201 -0.861172385 0.00603418444 5 1 3
-53.2250008 -85.5528701 0.102433402 -0.5080751 -0.861291281 0.00608458183 5 1 3
-53.4797036 -85.9847588 0.105496874 -0.507872971 -0.861410127 0.00613497833 5 1 3
-53.7343063 -86.4167095 0.108585632 -0.507670816 -0.861528922 0.00618537393 5 1 3
-53.9888091 -86.848722 0.111699675 -0.507468634 -0.861647666 0.00623576863 5 1 3
-54.2432118 -87.2807964 0.114839004 -0.507266425 -0.861766359 0.00628616241 5 1 3
-54.4975146 -87.7129328 0.118003619 -0.507064189 -0.861885002 0.00633655527 5 1 3
-54.7517174 -88.145131 0.121193519 -0.506861926 -0.862003593 0.00638694721 5 1 3
-55.0058203 -88.5773912 0.124408705 -0.506659636 -0.862122134 0.0064373382 5 1 3
-55.2598231 -89.0097132 0.127649177 -0.50645732 -0.862240623 0.00648772824 5 1 3
-55.513726 -89.4420972 0.130914934 -0.506254976 -0.862359062 0.00653811733 5 1 3
-55.7675288 -89.8745431 0.134205977 -0.506052606 -0.86247745 0.00658850545 5 1 3
-56.0212317 -90.3070508 0.137522306 -0.505850209 -0.862595786 0.00663889259 5 1 3
-56.2748346 -90.7396205 0.14086392 -0.505647786 -0.862714072 0.00668927876 5 1 3
-56.5283376 -91.1722521 0.14423082 -0.505445336 -0.862832307 0.00673966393 5 1 3
-56.7817405 -91.6049456 0.147623006 -0.505242859 -0.86295049 0.0067900481 5 1 3
-57.0350435 -92.037701 0.151040477 -0.505040356 -0.863068623 0.00684043126 5 1 3
-57.2882465 -92.4705183 0.154483235 -0.504837826 -0.863186704 0.00689081341 5 1 3
-57.5413495 -92.9033975 0.157951277 -0.50463527 -0.863304734 0.00694119452 5 1 3
-57.7943525 -93.3363387 0.161444606 -0.504432687 -0.863422714 0.00699157461 5 1 3
-58.0472555 -93.7693417 0.16496322 -0.504230078 -0.863540642 0.00704195365 5 1 3
-58.3000586 -94.2024066 0.16850712 -0.504027442 -0.863658518 0.00709233163 5 1 3
-58.5527616 -94.6355335 0.172076305 -0.50382478 -0.863776344 0.00714270856 5 1 3
-58.8053647 -95.0687222 0.175670776 -0.503622092 -0.863894119 0.00719308442 5 1 3
-59.0578678 -95.5019729 0.179290533 -0.503419377 -0.864011842 0.0072434592 5 1 3
-59.3102709 -95.9352854 0.182935575 -0.503216636 -0.864129514 0.00729383289 5 1 3
-59.562574 -96.3686599 0.186605904 -0.503013869 -0.864247135 0.00734420548 5 1 3
-59.8147772 -96.8020963 0.190301517 -0.502811076 -0.864364704 0.00739457697 5 1 3
-60.0668804 -97.2355945 0.194022417 -0.502608257 -0.864482222 0.00744494735 5 1 3
-60.3188835 -97.6691547 0.197768602 -0.502405412 -0.864599689 0.00749531661 5 1 3
-60.5707867 -98.1027768 0.201540073 -0.50220254 -0.864717105 0.00754568474 5 1 3
-60.82259 -98.5364608 0.205336829 -0.501999643 -0.864834469 0.00759605172 5 1 3
-61.0742932 -98.9702067 0.209158872 -0.501796719 -0.864951782 0.00764641756 5 1 3
8.45770513e-16 2.53731154e-15 9.91137319e-18 -0.548105867 -0.836399154 -0.0040513611 5 2 3
-0.274799292 -0.419445532 -0.00201894847 -0.547909879 -0.836527798 -0.00400096108 5 2 3
-0.549498602 -0.83895297 -0.00401261127 -0.547713858 -0.836656395 -0.00395056021 5 2 3
-0.824097928 -1.25852232 -0.00598098839 -0.547517802 -0.836784945 -0.00390015849 5 2 3
-1.09859727 -1.67815357 -0.00792407984 -0.547321713 -0.836913449 -0.00384975594 5 2 3
-1.37299663 -2.09784672 -0.00984188562 -0.54712559 -0.837041907 -0.00379935256 5 2 3
-1.64729601 -2.51760179 -0.0117344057 -0.546929433 -0.837170317 -0.00374894837 5 2 3
-1.9214954 -2.93741876 -0.0136016401 -0.546733243 -0.837298682 -0.00369854336 5 2 3
-2.19559482 -3.35729763 -0.0154435889 -0.546537018 -0.837426999 -0.00364813756 5 2 3
-2.46959424 -3.77723842 -0.017260252 -0.54634076 -0.83755527 -0.00359773096 5 2 3
-2.74349369 -4.19724111 -0.0190516294 -0.546144469 -0.837683494 -0.00354732358 5 2 3
-3.01729315 -4.6173057 -0.0208177211 -0.545948143 -0.837811671 -0.00349691543 5 2 3
-3.29099263 -5.0374322 -0.0225585272 -0.545751784 -0.837939802 -0.00344650651 5 2 3
-3.56459213 -5.45762061 -0.0242740476 -0.545555392 -0.838067886 -0.00339609683 5 2 3
-3.83809164 -5.87787093 -0.0259642823 -0.545358966 -0.838195923 -0.0033456864 5 2 3
-4.11149118 -6.29818315 -0.0276292313 -0.545162506 -0.838323913 -0.00329527524 5 2 3
-4.38479072 -6.71855728 -0.0292688947 -0.544966013 -0.838451856 -0.00324486334 5 2 3
-4.65799029 -7.13899331 -0.0308832724 -0.544769487 -0.838579753 -0.00319445072 5 2 3
-4.93108987 -7.55949125 -0.0324723644 -0.544572927 -0.838707602 -0.00314403739 5 2 3
-5.20408947 -7.9800511 -0.0340361707 -0.544376334 -0.838835405 -0.00309362335 5 2 3
-5.47698909 -8.40067285 -0.0355746914 -0.544179707 -0.838963161 -0.00304320862 5 2 3
-5.74978872 -8.82135651 -0.0370879264 -0.543983047 -0.839090869 -0.0029927932 5 2 3
-6.02248837 -9.24210208 -0.0385758757 -0.543786354 -0.839218531 -0.0029423771 5 2 3
-6.29508804 -9.66290955 -0.0400385393 -0.543589628 -0.839346146 -0.00289196033 5 2 3
-6.56758773 -10.0837789 -0.0414759173 -0.543392868 -0.839473714 -0.0028415429 5 2 3
-6.83998743 -10.5047102 -0.0428880096 -0.543196076 -0.839601234 -0.00279112482 5 2 3
-7.11228715 -10.9257034 -0.0442748162 -0.54299925 -0.839728708 -0.00274070609 5 2 3
-7.38448688 -11.3467585 -0.0456363372 -0.542802391 -0.839856135 -0.00269028672 5 2 3
-7.65658664 -11.7678755 -0.0469725725 -0.542605499 -0.839983514 -0.00263986673 5 2 3
-7.92858641 -12.1890544 -0.0482835221 -0.542408574 -0.840110846 -0.00258944612 5 2 3
-8.20048619 -12.6102952 -0.049569186 -0.542211616 -0.840238131 -0.00253902491 5 2 3
-8.472286 -13.031598 -0.0508295643 -0.542014625 -0.840365369 -0.00248860309 5 2 3
-8.74398582 -13.4529626 -0.0520646568 -0.541817601 -0.84049256 -0.00243818068 5 2 3
-9.01558566 -13.8743891 -0.0532744637 -0.541620544 -0.840619703 -0.00238775768 5 2 3
-9.28708551 -14.2958776 -0.054458985 -0.541423454 -0.840746799 -0.00233733412 5 2 3
-9.55848539 -14.7174279 -0.0556182205 -0.541226331 -0.840873848 -0.00228690998 5 2 3
-9.82978527 -15.1390402 -0.0567521704 -0.541029176 -0.84100085 -0.00223648529 5 2 3
-10.1009852 -15.5607143 -0.0578608346 -0.540831988 -0.841127804 -0.00218606005 5 2 3
-10.3720851 -15.9824504 -0.0589442132 -0.540634767 -0.841254711 -0.00213563427 5 2 3
-10.643085 -16.4042484 -0.060002306 -0.540437513 -0.84138157 -0.00208520796 5 2 3
